0 4.848914 
1.515873e+00 0.723273 
1.351676e+00 5.703079 
2.559359e-01 2.509307 
2.760220e+00 0.869460 
9.319876e-01 0.198696 
1.974021e+00 5.051146 
2.198491e-01 6.589067 
1.811930e+00 1.275265 
1.664214e+00 1.210754 
2.217409e+00 0.626072 
9.539595e-01 2.484196 
2.513422e-01 0.821384 
6.428950e-01 0.609057 
6.316074e-01 0.612820 
5.599218e-01 0 2.924539 
2.261385e+00 2.265344 
2.272042e+00 2.787729 
2.250747e+00 2.667686 
2.646821e+00 2.227608 
2.568477e+00 1.033019 
5.818086e+00 0.289795 
2.895059e-01 0.289494 
2.895533e-01 0.289682 
2.897459e-01 0.289441 
2.893707e-01 0.289562 
2.895620e-01 0.289562 
2.895620e-01 0.289562 
2.895620e-01 0.289562 
2.895620e-01 1.113759 
1.692838e+00 0.450635 
4.506481e-01 0.450665 
4.506669e-01 0.450689 
4.507233e-01 0.450676 
4.506509e-01 0.450615 
4.505892e-01 0.450566 
4.505656e-01 0.450566 
4.505656e-01 0.450566 
4.505656e-01 0.450566 
4.505656e-01 1.501941 
1.757659e+00 1.800049 
3.188882e-01 0.911727 
1.961922e+00 1.961928 
1.961925e+00 1.961927 
1.961931e+00 1.961931 
1.961925e+00 1.961927 
1.961925e+00 2.923834 
3.144838e+00 2.208607 
1.315583e+00 0.331547 
1.998692e-01 1.589333 
4.575083e+00 2.858481 
6.311102e-01 1.721607 
1.819164e+00 2.559010 
2.132269e+00 4.535109 
2.423698e+00 1.955993 
1.750111e+00 1.028735 
1.645811e+00 1.657362 
1.653548e+00 1.035100 
1.652968e+00 1.074353 
1.074683e+00 1.678606 
1.228013e+00 0.673815 
1.615475e+00 0.720001 
7.199910e-01 0.719993 
7.200041e-01 0.720003 
7.200023e-01 0.720017 
7.200067e-01 0.719998 
7.199983e-01 0.719998 
7.199983e-01 0.719998 
7.199983e-01 0.719998 
7.199983e-01 4.243868 
2.137606e+00 2.389946 
2.389946e+00 2.389946 
2.389946e+00 2.389945 
2.389945e+00 2.389944 
2.389944e+00 2.389945 
2.389945e+00 2.389945 
2.389945e+00 2.389945 
2.389945e+00 2.389945 
2.389945e+00 2.389945 
2.389945e+00 2.366455 
2.461969e+00 2.993838 
8.325788e+00 2.580749 
3.574364e+00 3.574364 
3.574365e+00 3.574365 
3.574365e+00 3.574365 
3.574365e+00 3.574365 
3.574365e+00 8.749170 
2.049672e+00 0.136695 
4.603198e+00 2.024539 
3.310807e+00 3.583520 
1.046086e+00 0.344385 
2.963174e+00 3.397409 
1.465849e+00 0.868988 
7.080268e+00 0.814719 
3.731147e-01 1.462431 
3.393215e+00 4.880032 
7.350508e+00 7.794090 
7.946882e+00 5.570620 
8.609525e+00 4.574813 
4.664723e+00 9.394487 
9.121623e+00 1.841441 
4.270778e+00 2.161701 
2.169652e+00 2.169600 
2.167820e+00 2.166443 
2.159717e+00 2.175632 
2.176873e+00 2.183502 
2.183502e+00 2.183502 
2.183502e+00 2.183502 
2.183502e+00 2.183502 
2.183502e+00 3.014454 
5.802328e+00 1.487281 
1.487288e+00 1.487283 
1.487282e+00 1.487296 
1.487292e+00 1.487276 
1.487258e+00 1.487256 
1.487258e+00 1.487266 
1.487266e+00 1.487266 
1.487266e+00 1.487266 
1.487266e+00 1.487266 
1.487266e+00 5.669575 
8.101873e+00 8.335037 
9.062361e+00 6.427575 
4.764607e+00 4.764607 
4.764607e+00 4.764608 
4.764608e+00 4.764608 
4.764608e+00 4.764608 
4.764608e+00 0.822061 
5.648894e+00 7.814492 
8.437336e+00 0.463975 
5.447140e-01 1.777020 
1.204367e+00 7.135791 
1.063054e+00 1.861307 
1.664644e+00 7.671679 
9.358202e+00 6.375435 
5.271968e+00 6.126494 
1.872505e+00 2.221515 
2.158340e+00 2.158499 
2.158422e+00 2.220758 
2.158521e+00 2.220741 
2.220438e+00 2.157871 
2.392969e+00 0.265291 
1.822687e+00 0.174977 
1.755593e-01 0.175177 
1.755117e-01 0.175959 
1.766229e-01 0.174383 
1.734405e-01 0.173201 
1.732008e-01 0.173201 
1.732008e-01 0.173201 
1.732008e-01 0.173201 
1.732008e-01 1.818902 
7.751516e-01 2.148964 
2.148964e+00 2.148964 
2.148964e+00 2.148964 
2.148964e+00 2.148964 
2.148964e+00 2.148964 
2.148964e+00 2.148964 
2.148964e+00 2.148964 
2.148964e+00 2.148964 
2.148964e+00 2.148964 
2.148964e+00 2.760979 
1.132999e+00 1.168427 
2.451808e-02 1.929285 
9.188135e-01 0.918813 
9.188138e-01 0.918814 
9.188138e-01 0.918814 
9.188136e-01 0.918814 
9.188144e-01 1.966628 
2.709604e+00 1.569367 
1.857101e+00 2.287794 
2.311202e+00 1.754403 
1.853475e+00 2.071519 
5.618971e-01 1.010984 
1.867973e+00 2.074802 
1.792688e+00 1.659038 
1.564551e+00 1.598315 
1.011752e+00 1.024677 
1.011098e+00 1.011098 
1.011105e+00 1.024648 
1.011104e+00 1.024596 
1.024579e+00 1.011088 
1.770840e+00 0.153555 
7.881082e-01 0.226265 
2.260975e-01 0.225877 
2.271353e-01 0.227430 
2.276450e-01 0.228802 
2.287728e-01 0.228618 
2.286176e-01 0.228618 
2.286176e-01 0.228618 
2.286176e-01 0.228618 
2.286176e-01 1.016842 
1.607934e+00 1.272599 
1.272599e+00 1.272600 
1.272599e+00 1.272599 
1.272599e+00 1.272599 
1.272599e+00 1.272599 
1.272599e+00 1.272599 
1.272599e+00 1.272599 
1.272599e+00 1.272599 
1.272599e+00 1.272599 
1.272599e+00 2.647866 
1.895665e+00 2.083314 
2.926722e+00 0.656529 
1.061217e+00 1.061217 
1.061217e+00 1.061217 
1.061217e+00 1.061217 
1.061217e+00 1.061217 
1.061217e+00 1.557119 
9.851147e-01 2.249749 
1.701615e+00 2.561894 
2.454202e+00 1.384882 
3.296119e-01 1.545699 
1.742937e+00 1.587151 
4.658328e-01 1.519853 
1.853765e+00 2.218393 
2.183967e+00 2.206878 
1.588654e+00 0.559186 
5.596890e-01 0.559689 
5.596890e-01 0.559186 
5.596891e-01 0.559186 
5.591862e-01 0.559689 
6.123554e-01 0.829325 
5.594384e-01 0.821855 
8.218503e-01 0.821843 
8.218428e-01 0.821844 
8.218417e-01 0.821864 
8.218570e-01 0.821840 
8.218400e-01 0.821840 
8.218400e-01 0.821840 
8.218400e-01 0.821840 
8.218400e-01 0.779937 
5.500565e-01 0.778641 
7.786411e-01 0.778641 
7.786411e-01 0.778641 
7.786411e-01 0.778641 
7.786411e-01 0.778641 
7.786411e-01 0.778641 
7.786411e-01 0.778641 
7.786411e-01 0.778641 
7.786411e-01 0.778641 
7.786411e-01 0.594124 
5.220826e-01 0.522401 
7.563758e-01 0.709470 
6.983667e-01 0.698367 
6.983667e-01 0.698367 
6.983667e-01 0.698367 
6.983667e-01 0.698367 
6.983667e-01 0.540821 
6.731094e-01 0.556566 
6.286309e-01 0.840390 
8.377932e-01 0.841170 
5.424704e-01 0.571898 
8.005946e-01 0.850848 
5.433461e-01 0.576186 
6.283234e-01 0.548772 
5.479615e-01 0.546092 
8.507928e-01 