1.167849 
1.167854 
1.009923 
1.102796 
1.217798 
1.273003 
1.167856 
1.246456 
1.259214 
1.005000 
1.273011 
1.338229 
1.167854 
1.338565 
1.110600 
1.167836 
0.973859 
1.167816 
1.066467 
1.303157 
1.351062 
1.303126 
1.273018 
1.167843 
1.217808 
1.273041 
1.303092 
1.005842 
1.167871 
1.045655 
1.273030 
1.167865 
1.217779 
1.339078 
1.167894 
1.004980 
1.330310 
1.097596 
1.005821 
1.111093 
1.339119 
1.167880 
1.167912 
1.217765 
1.272993 
1.058175 
1.167923 
1.167898 
1.005802 
1.055682 
1.112546 
0.974433 
1.167842 
1.303103 
1.272997 
1.167824 
1.337983 
1.167858 
1.110641 
1.167863 
1.358611 
1.031909 
1.272959 
1.110658 
1.129806 
1.009926 
1.339120 
1.217777 
0.974427 
1.272926 
1.274598 
1.097376 
1.032957 
1.123184 
1.167844 
1.031930 
1.272917 
0.981889 
1.005800 
1.167846 
1.167857 
1.339114 
1.005802 
1.272887 
1.272872 
1.167835 
1.005815 
1.167858 
1.272880 
0.984901 
1.167882 
0.992057 
1.075991 
1.272858 
1.274575 
1.110663 
1.167875 
1.119008 
1.167870 
1.167831 
1.167853 
1.082683 
1.136796 
1.167874 
1.123450 
1.272903 
1.167864 
1.167849 
1.167801 
1.338373 
1.167890 
1.167857 
1.167862 
0.973881 
1.217805 
0.981924 
1.167770 
1.019021 
1.099598 
1.227395 
1.167771 
1.157122 
1.272863 
1.204777 
1.096508 
1.167750 
1.167784 
1.229149 
1.272842 
1.337976 
1.272848 
1.167756 
1.167737 
1.005812 
1.217791 
1.031915 
1.167725 
1.007007 
1.167756 
1.096813 
1.059970 
1.167755 
1.111038 
1.272816 
1.049207 
1.272814 
1.338007 
0.991568 
1.167782 
1.330337 
1.272819 
1.222672 
1.136786 
1.199666 
1.167757 
1.005815 
1.232104 
1.035152 
1.299258 
1.272822 
1.327290 
1.167748 
1.167786 
1.167777 
1.005810 
1.303103 
1.232092 
1.123441 
1.328710 
1.167792 
1.167801 
0.971161 
1.167752 
1.328688 
1.167753 
1.303087 
1.272817 
1.338206 
1.272805 
1.167744 
1.058173 
1.108790 
1.272811 
1.167732 
1.097360 
1.167727 
1.167725 
1.167703 
1.167728 
1.106805 
1.167681 
1.272812 
1.167683 
1.031965 
1.004962 
1.167677 
1.018955 
1.204725 
1.272838 
1.338153 
1.159541 
1.345931 
1.284209 
1.167730 
1.162815 
1.031989 
1.167711 
1.032933 
1.338156 
1.167683 
1.272776 
1.167710 
1.005841 
1.167710 
1.272740 
1.167620 
1.338410 
1.272742 
1.167640 
1.333225 
1.167665 
1.303083 
1.110655 
1.031988 
1.272727 
1.167712 
1.303075 
1.167717 
1.066428 
1.272743 
1.259260 
1.088495 
1.339116 
1.272738 
1.185955 
1.167789 
1.333189 
1.097633 
1.303129 
1.204761 
1.272763 
1.338150 
1.167748 
1.338271 
1.328705 
1.136921 
1.213231 
1.338396 
1.259274 
1.167767 
1.021755 
1.303110 
1.272791 
1.272803 
1.167774 
1.339119 
1.167775 
1.272799 
1.330328 
1.338101 
1.136912 
1.108809 
1.167793 
1.104708 
1.272775 
1.167784 
1.167818 
1.110588 
1.217790 
1.232082 
1.005860 
1.167824 
1.232118 
1.272769 
1.167835 
1.337974 
1.338336 
1.167858 
1.167845 
1.218729 
1.272759 
1.136904 
1.136920 
1.272787 
1.167901 
1.005853 
1.005856 
1.012164 
1.009901 
1.167921 
1.272831 
1.272848 
1.274575 
1.272845 
1.005857 
0.991033 
1.272842 
1.167888 
1.167912 
1.167929 
1.162857 
1.167825 
1.167852 
1.272868 
1.021770 
1.007016 
1.167826 
1.005878 
1.098265 
1.097383 
1.167856 
1.303220 
1.272877 
0.969432 
1.005846 
1.032942 
0.999011 
1.338179 
1.167820 
1.004942 
1.005852 
1.345939 
1.009897 
1.272902 
1.125611 
1.167823 
1.167806 
0.969794 
1.167831 
1.193935 
1.167821 
1.338084 
1.167801 
1.009868 
1.005895 
1.167794 
1.167772 
1.167757 
1.217763 
1.303214 
1.217737 
1.167735 
1.339125 
1.167713 
1.227389 
1.272915 
1.167716 
1.272901 
1.272894 
1.097373 
1.110568 
1.167740 
1.338340 
1.167721 
1.004998 
1.167746 
1.167730 
1.091411 
1.338353 
1.110580 
1.197311 
1.303275 
1.303249 
1.338148 
1.199672 
1.039551 
1.306926 
1.284223 
1.032910 
1.167733 
1.210262 
1.167762 
1.217729 
1.272890 
1.005001 
1.108820 
1.167752 
1.097330 
1.167755 
1.303278 
1.005902 
1.032020 
1.005916 
1.236176 
0.981923 
1.217718 
1.272842 
1.167827 
1.097909 
1.167809 
1.167833 
1.167852 
1.351037 
0.993504 
1.337911 
1.032015 
1.303279 
1.344724 
1.303267 
1.339155 
1.303270 
1.167828 
1.328720 
1.167810 
1.338221 
1.045709 
1.272902 
1.167805 
0.984935 
1.217741 
1.005912 
1.272929 
1.097330 
1.167819 
1.345949 
1.167843 
1.018965 
1.167868 
1.167892 
1.167915 
1.272933 
1.167939 
1.272937 
1.167946 
1.167960 
1.272927 
1.123408 
1.110587 
1.167958 
1.292709 
1.066379 
1.055675 
1.167930 
1.167903 
1.167922 
1.193927 
1.006975 
1.167885 
1.204763 
1.004981 
1.097316 
1.009852 
1.005915 
0.981926 
1.259284 
1.005913 
1.272923 
1.055688 
1.328709 
1.245925 
1.352785 
1.338217 
1.032040 
1.167843 
1.227383 
1.005018 
1.272939 
1.339161 
1.303221 
1.167925 
1.167912 
1.097315 
1.012162 
1.236172 
1.167884 
1.167905 
1.123450 
1.272929 
1.126264 
1.049226 
1.112575 
1.167860 
1.005023 
1.067785 
0.973949 
1.088530 
1.088523 
1.167852 
1.167868 
1.167867 
1.091427 
1.328712 
1.167876 
1.136951 
1.338325 
1.358618 
1.167866 
1.110608 
1.167881 
1.338573 
1.167881 
1.272961 
1.006955 
1.167904 
1.097623 
1.272957 
1.338514 
1.009865 
0.968314 
1.032033 
1.167906 
1.338491 
1.167914 
1.272945 
1.167924 
1.338103 
1.328690 
1.330336 
1.272947 
1.067809 
1.272938 
1.167936 
1.213238 
1.167953 
1.338157 
1.167961 
1.272947 
1.110592 
1.338076 
1.167928 
1.340026 
1.049232 
1.167906 
1.339177 
1.339199 
1.167843 
1.088511 
1.144239 
1.167789 
1.245953 
1.167772 
0.962282 
1.005050 
1.011592 
1.167755 
1.126283 
1.005938 
1.296594 
1.272952 
0.974452 
1.272952 
1.167781 
1.338015 
1.272966 
1.167767 
1.032004 
1.096864 
1.005935 
1.167782 
1.338473 
1.260783 
1.123111 
1.066370 
1.185951 
1.272965 
1.167750 
1.167752 
1.222636 
1.031986 
1.167906 
1.246479 
1.339187 
0.998994 
0.984941 
1.217796 
1.167742 
0.973937 
1.167738 
1.108841 
1.272958 
1.227329 
1.031987 
1.273000 
1.097310 
1.167794 
1.273057 
1.337925 
1.273053 
1.096887 
1.167770 
1.167787 
1.167772 
1.133200 
1.028347 
1.167781 
0.981892 
1.345971 
1.136964 
1.274569 
1.123466 
1.026686 
1.167712 
1.210234 
1.032039 
1.007018 
1.259304 
1.346156 
1.273076 
1.167754 
1.217811 
1.167737 
1.167754 
0.973895 
1.032003 
1.088495 
1.333153 
1.273062 
1.273105 
1.273089 
1.217885 
1.110596 
1.191090 
1.180692 
1.167741 
1.227293 
1.005946 
1.303252 
1.136971 
0.976082 
1.273143 
1.005069 
1.213230 
1.236114 
1.273143 
1.167769 
0.387165 
0.387146 
0.470112 
0.473691 
0.551718 
0.612168 
0.387117 
0.407047 
0.359621 
0.464684 
0.612144 
0.479845 
0.387140 
0.479845 
0.357377 
0.387150 
0.284140 
0.387167 
0.602005 
0.342920 
0.508637 
0.342973 
0.612172 
0.387210 
0.551709 
0.612138 
0.342982 
0.537473 
0.387239 
0.501239 
0.612104 
0.387268 
0.551733 
0.533065 
0.387313 
0.464720 
0.508429 
0.271487 
0.537496 
0.560639 
0.533048 
0.387315 
0.387348 
0.551705 
0.612104 
0.390767 
0.387365 
0.387357 
0.537505 
0.311903 
0.350543 
0.360498 
0.387354 
0.343004 
0.612074 
0.387331 
0.479815 
0.387345 
0.357417 
0.387347 
0.613051 
0.326099 
0.612070 
0.357449 
0.609891 
0.470114 
0.533169 
0.551683 
0.360497 
0.612075 
0.438111 
0.365493 
0.301742 
0.487874 
0.387339 
0.326091 
0.612105 
0.242807 
0.537518 
0.387363 
0.387365 
0.533191 
0.537568 
0.612133 
0.612163 
0.387385 
0.537557 
0.387428 
0.612129 
0.426046 
0.387406 
0.473844 
0.324186 
0.612158 
0.438121 
0.357447 
0.387357 
0.400489 
0.387362 
0.387366 
0.387360 
0.500559 
0.261441 
0.387363 
0.418755 
0.612155 
0.387348 
0.387335 
0.387323 
0.479855 
0.387293 
0.387311 
0.387306 
0.284140 
0.551639 
0.242812 
0.387398 
0.374796 
0.288692 
0.617784 
0.387395 
0.485769 
0.612148 
0.325486 
0.496540 
0.387405 
0.387394 
0.547932 
0.612201 
0.479795 
0.612199 
0.387410 
0.387430 
0.537530 
0.551654 
0.326089 
0.387370 
0.604693 
0.387363 
0.240959 
0.253481 
0.387411 
0.419603 
0.612178 
0.442471 
0.612180 
0.479771 
0.373126 
0.387396 
0.508395 
0.612177 
0.460522 
0.261478 
0.493823 
0.387385 
0.537571 
0.543625 
0.370767 
0.547472 
0.612166 
0.449604 
0.387372 
0.387339 
0.387376 
0.537557 
0.343066 
0.543648 
0.418737 
0.614913 
0.387385 
0.387412 
0.232099 
0.387427 
0.614884 
0.387430 
0.343029 
0.612103 
0.479896 
0.612125 
0.387410 
0.390775 
0.549307 
0.612129 
0.387408 
0.365494 
0.387421 
0.387433 
0.387486 
0.387465 
0.559850 
0.387495 
0.612167 
0.387506 
0.326139 
0.464709 
0.387506 
0.505305 
0.325486 
0.612141 
0.479822 
0.517892 
0.556352 
0.383403 
0.387492 
0.611494 
0.326107 
0.387497 
0.511891 
0.479822 
0.387461 
0.612185 
0.387419 
0.537558 
0.387446 
0.612217 
0.387388 
0.479880 
0.612211 
0.387401 
0.589581 
0.387386 
0.343005 
0.357437 
0.326107 
0.612214 
0.387383 
0.343003 
0.387362 
0.267980 
0.612231 
0.359623 
0.324135 
0.533227 
0.612199 
0.304745 
0.387417 
0.589627 
0.271508 
0.343010 
0.325467 
0.612200 
0.479866 
0.387428 
0.479864 
0.614875 
0.261478 
0.613248 
0.479936 
0.359636 
0.387420 
0.391109 
0.342981 
0.612201 
0.612218 
0.387427 
0.533244 
0.387412 
0.612206 
0.508439 
0.479837 
0.261486 
0.549295 
0.387394 
0.568692 
0.612209 
0.387376 
0.387354 
0.357467 
0.551624 
0.543658 
0.537534 
0.387385 
0.543678 
0.612208 
0.387387 
0.479723 
0.479882 
0.387394 
0.387392 
0.462894 
0.612256 
0.261478 
0.261510 
0.612288 
0.387428 
0.537536 
0.537534 
0.409910 
0.470058 
0.387441 
0.612299 
0.612263 
0.438139 
0.612242 
0.537564 
0.295650 
0.612244 
0.387475 
0.387483 
0.387499 
0.611475 
0.387454 
0.387489 
0.612240 
0.391099 
0.604653 
0.387485 
0.537555 
0.240390 
0.365488 
0.387503 
0.343008 
0.612234 
0.257979 
0.537575 
0.301729 
0.477206 
0.479859 
0.387529 
0.464768 
0.537600 
0.556380 
0.470062 
0.612272 
0.550824 
0.387530 
0.387539 
0.312494 
0.387526 
0.369225 
0.387495 
0.479845 
0.387512 
0.470030 
0.537605 
0.387514 
0.387510 
0.387511 
0.551634 
0.343024 
0.551635 
0.387457 
0.533237 
0.387456 
0.617844 
0.612280 
0.387439 
0.612265 
0.612285 
0.365491 
0.357457 
0.387454 
0.479910 
0.387477 
0.464727 
0.387453 
0.387451 
0.284979 
0.479958 
0.357457 
0.422453 
0.343034 
0.343013 
0.479853 
0.493828 
0.485104 
0.460146 
0.383436 
0.511935 
0.387428 
0.338318 
0.387441 
0.551674 
0.612268 
0.464711 
0.549310 
0.387467 
0.365485 
0.387474 
0.343002 
0.537596 
0.326131 
0.537563 
0.345202 
0.242809 
0.551680 
0.612270 
0.387488 
0.493232 
0.387465 
0.387503 
0.387500 
0.508617 
0.327038 
0.479821 
0.326132 
0.343056 
0.344187 
0.343089 
0.533243 
0.343066 
0.387536 
0.614886 
0.387546 
0.479822 
0.501230 
0.612254 
0.387563 
0.349056 
0.551676 
0.537524 
0.612268 
0.365504 
0.387597 
0.556401 
0.387608 
0.505321 
0.387601 
0.387635 
0.387623 
0.612270 
0.387613 
0.612262 
0.387628 
0.387621 
0.612289 
0.418762 
0.357412 
0.387611 
0.558908 
0.267934 
0.311929 
0.387664 
0.387653 
0.387649 
0.369180 
0.604716 
0.387640 
0.325449 
0.464720 
0.365492 
0.470059 
0.537492 
0.242854 
0.359634 
0.537502 
0.612284 
0.311941 
0.614865 
0.457187 
0.384630 
0.479853 
0.326086 
0.387659 
0.617843 
0.464688 
0.612292 
0.533224 
0.343108 
0.387668 
0.387702 
0.365482 
0.409910 
0.345191 
0.387699 
0.387675 
0.418761 
0.612259 
0.274714 
0.442451 
0.350531 
0.387638 
0.464669 
0.443340 
0.284073 
0.324112 
0.324116 
0.387617 
0.387610 
0.387621 
0.284945 
0.614851 
0.387628 
0.261465 
0.479912 
0.613036 
0.387607 
0.357375 
0.387612 
0.479869 
0.387599 
0.612270 
0.604728 
0.387611 
0.271453 
0.612281 
0.479875 
0.470044 
0.485507 
0.326089 
0.387663 
0.479841 
0.387676 
0.612312 
0.387665 
0.479739 
0.614836 
0.508466 
0.612313 
0.443375 
0.612285 
0.387645 
0.613274 
0.387638 
0.479829 
0.387652 
0.612298 
0.357353 
0.479720 
0.387680 
0.551228 
0.442456 
0.387692 
0.533244 
0.533265 
0.387700 
0.324108 
0.498997 
0.387721 
0.457172 
0.387727 
0.438910 
0.464652 
0.383674 
0.387766 
0.274711 
0.537525 
0.451510 
0.612319 
0.360574 
0.612326 
0.387785 
0.479789 
0.612289 
0.387774 
0.326085 
0.240960 
0.537501 
0.387755 
0.479895 
0.278493 
0.487862 
0.267976 
0.304747 
0.612289 
0.387743 
0.387796 
0.460560 
0.326073 
0.387123 
0.407038 
0.533276 
0.477161 
0.349063 
0.551683 
0.387806 
0.284103 
0.387772 
0.549306 
0.612270 
0.617874 
0.326072 
0.612268 
0.365434 
0.387772 
0.612288 
0.479740 
0.612270 
0.240942 
0.387743 
0.387714 
0.387699 
0.568899 
0.242571 
0.387727 
0.242822 
0.556379 
0.261448 
0.438150 
0.418738 
0.260550 
0.387700 
0.338336 
0.326103 
0.604687 
0.359614 
0.526385 
0.612279 
0.387644 
0.551678 
0.387650 
0.387688 
0.284115 
0.326113 
0.324137 
0.589613 
0.612303 
0.612282 
0.612258 
0.551697 
0.357320 
0.306756 
0.404465 
0.387695 
0.617897 
0.537545 
0.343151 
0.261444 
0.580278 
0.612190 
0.464687 
0.613338 
0.345233 
0.612195 
0.387557 
0.587488 
0.587486 
0.584944 
0.599352 
0.617395 
0.565706 
0.587483 
0.556743 
0.579787 
0.647699 
0.565707 
0.519742 
0.587480 
0.519704 
0.602188 
0.587482 
0.524267 
0.587479 
0.631193 
0.517822 
0.534944 
0.517822 
0.565717 
0.587476 
0.617393 
0.565714 
0.517827 
0.637686 
0.587479 
0.635730 
0.565707 
0.587480 
0.617396 
0.541292 
0.587480 
0.647697 
0.544158 
0.649967 
0.637684 
0.667241 
0.541293 
0.587476 
0.587467 
0.617397 
0.565711 
0.698585 
0.587465 
0.587469 
0.637685 
0.643881 
0.540326 
0.612417 
0.587462 
0.517827 
0.565710 
0.587459 
0.519649 
0.587463 
0.602180 
0.587463 
0.574708 
0.570225 
0.565709 
0.602183 
0.606696 
0.584945 
0.541289 
0.617396 
0.612413 
0.565708 
0.590932 
0.557106 
0.649731 
0.661512 
0.587465 
0.570223 
0.565707 
0.572132 
0.637689 
0.587464 
0.587463 
0.541289 
0.637693 
0.565704 
0.565702 
0.587463 
0.637694 
0.587452 
0.565705 
0.658905 
0.587449 
0.680999 
0.458130 
0.565707 
0.590933 
0.602186 
0.587450 
0.595875 
0.587449 
0.587448 
0.587449 
0.647972 
0.554502 
0.587442 
0.641597 
0.565705 
0.587444 
0.587444 
0.587451 
0.519713 
0.587458 
0.587456 
0.587452 
0.524278 
0.617398 
0.572134 
0.587455 
0.607488 
0.504671 
0.546994 
0.587451 
0.593345 
0.565704 
0.545049 
0.691657 
0.587446 
0.587447 
0.607374 
0.565699 
0.519612 
0.565695 
0.587452 
0.587453 
0.637694 
0.617398 
0.570224 
0.587458 
0.658395 
0.587457 
0.559732 
0.594609 
0.587460 
0.571309 
0.565705 
0.611000 
0.565707 
0.519626 
0.671228 
0.587458 
0.544149 
0.565714 
0.603159 
0.554498 
0.658682 
0.587451 
0.637700 
0.550804 
0.607030 
0.582231 
0.565718 
0.536662 
0.587452 
0.587447 
0.587449 
0.637694 
0.517822 
0.550803 
0.641600 
0.619973 
0.587442 
0.587440 
0.572084 
0.587444 
0.619976 
0.587447 
0.517822 
0.565718 
0.519711 
0.565717 
0.587449 
0.698585 
0.655898 
0.565719 
0.587446 
0.557105 
0.587444 
0.587443 
0.587451 
0.587452 
0.660524 
0.587448 
0.565716 
0.587448 
0.570222 
0.647701 
0.587438 
0.581382 
0.545052 
0.565720 
0.519701 
0.618314 
0.576083 
0.584189 
0.587435 
0.550530 
0.570227 
0.587439 
0.654386 
0.519665 
0.587436 
0.565711 
0.587436 
0.637702 
0.587433 
0.565717 
0.587432 
0.519725 
0.565715 
0.587432 
0.612836 
0.587434 
0.517826 
0.602189 
0.570228 
0.565715 
0.587437 
0.517827 
0.587438 
0.529983 
0.565711 
0.579794 
0.545185 
0.541293 
0.565714 
0.613830 
0.587442 
0.612832 
0.649979 
0.517824 
0.545054 
0.565714 
0.519708 
0.587444 
0.519738 
0.619981 
0.554495 
0.579419 
0.519751 
0.579794 
0.587444 
0.612147 
0.517822 
0.565712 
0.565711 
0.587446 
0.541289 
0.587447 
0.565718 
0.544146 
0.519696 
0.554506 
0.655898 
0.587448 
0.658315 
0.565715 
0.587446 
0.587452 
0.602189 
0.617400 
0.550810 
0.637702 
0.587450 
0.550807 
0.565717 
0.587448 
0.519619 
0.519731 
0.587446 
0.587447 
0.585647 
0.565718 
0.554508 
0.554506 
0.565717 
0.587452 
0.637703 
0.637703 
0.620506 
0.584945 
0.587443 
0.565718 
0.565715 
0.590928 
0.565714 
0.637705 
0.605756 
0.565714 
0.587442 
0.587446 
0.587446 
0.550539 
0.587454 
0.587447 
0.565713 
0.612149 
0.658405 
0.587456 
0.637706 
0.562193 
0.557101 
0.587454 
0.517825 
0.565710 
0.596083 
0.637704 
0.649729 
0.694234 
0.519708 
0.587447 
0.647706 
0.637701 
0.576082 
0.584946 
0.565705 
0.595792 
0.587452 
0.587455 
0.679488 
0.587458 
0.498729 
0.587461 
0.519633 
0.587458 
0.584942 
0.637699 
0.587460 
0.587465 
0.587461 
0.617398 
0.517827 
0.617400 
0.587464 
0.541291 
0.587462 
0.547006 
0.565702 
0.587464 
0.565698 
0.565695 
0.557103 
0.602183 
0.587466 
0.519752 
0.587475 
0.647712 
0.587473 
0.587473 
0.501472 
0.519748 
0.602183 
0.548640 
0.517827 
0.517828 
0.519647 
0.658691 
0.691360 
0.532145 
0.584190 
0.654370 
0.587471 
0.582535 
0.587472 
0.617400 
0.565695 
0.647717 
0.655900 
0.587471 
0.557102 
0.587472 
0.517829 
0.637698 
0.570231 
0.637699 
0.511994 
0.572137 
0.617405 
0.565691 
0.587478 
0.646914 
0.587481 
0.587483 
0.587487 
0.534946 
0.596535 
0.519630 
0.570230 
0.517829 
0.582457 
0.517828 
0.541296 
0.517824 
0.587487 
0.619981 
0.587486 
0.519716 
0.635736 
0.565688 
0.587482 
0.580669 
0.617401 
0.637694 
0.565696 
0.557098 
0.587484 
0.576081 
0.587484 
0.581380 
0.587484 
0.587482 
0.587482 
0.565693 
0.587483 
0.565689 
0.587474 
0.587474 
0.565686 
0.641599 
0.602179 
0.587469 
0.611397 
0.529977 
0.643874 
0.587463 
0.587465 
0.587468 
0.498728 
0.658406 
0.587469 
0.545059 
0.647713 
0.557097 
0.584940 
0.637697 
0.572136 
0.579792 
0.637696 
0.565678 
0.643876 
0.619977 
0.552918 
0.519750 
0.519725 
0.570222 
0.587487 
0.547006 
0.647715 
0.565675 
0.541298 
0.517821 
0.587486 
0.587481 
0.557098 
0.620506 
0.511997 
0.587480 
0.587483 
0.641601 
0.565670 
0.527594 
0.610999 
0.540335 
0.587487 
0.647714 
0.640792 
0.524295 
0.545181 
0.545179 
0.587488 
0.587489 
0.587494 
0.501466 
0.619974 
0.587492 
0.554509 
0.519706 
0.574709 
0.587495 
0.602179 
0.587490 
0.519716 
0.587486 
0.565669 
0.658407 
0.587482 
0.649976 
0.565668 
0.519695 
0.584940 
0.696750 
0.570223 
0.587486 
0.519718 
0.587477 
0.565674 
0.587474 
0.519618 
0.619975 
0.544141 
0.565674 
0.640797 
0.565669 
0.587472 
0.579416 
0.587474 
0.519692 
0.587474 
0.565674 
0.602180 
0.519593 
0.587480 
0.545906 
0.610997 
0.587478 
0.541293 
0.541295 
0.587479 
0.545178 
0.597038 
0.587479 
0.552918 
0.587478 
0.624626 
0.647715 
0.657426 
0.587478 
0.527593 
0.637701 
0.611275 
0.565671 
0.612410 
0.565676 
0.587474 
0.519580 
0.565682 
0.587469 
0.570222 
0.559732 
0.637704 
0.587466 
0.519702 
0.492917 
0.661518 
0.529971 
0.613830 
0.565677 
0.587466 
0.587468 
0.603170 
0.570224 
0.587475 
0.556739 
0.541297 
0.694230 
0.580672 
0.617390 
0.587468 
0.524300 
0.587464 
0.655902 
0.565666 
0.546984 
0.570228 
0.565674 
0.557107 
0.587460 
0.565678 
0.519647 
0.565677 
0.559724 
0.587463 
0.587464 
0.587465 
0.657740 
0.617357 
0.587469 
0.572141 
0.576080 
0.554508 
0.590927 
0.641602 
0.617130 
0.587476 
0.582529 
0.570226 
0.658391 
0.579793 
0.508989 
0.565671 
0.587480 
0.617389 
0.587481 
0.587480 
0.524301 
0.570229 
0.545177 
0.612830 
0.565665 
0.565665 
0.565666 
0.617393 
0.602190 
0.498067 
0.545786 
0.587482 
0.546978 
0.637715 
0.517805 
0.554507 
0.659303 
0.565662 
0.647718 
0.579418 
0.511996 
0.565661 
0.587479 
