0.968306 
1.110032 
1.127199 
1.147543 
1.147300 
1.323808 
1.147518 
0.975508 
1.147505 
1.266173 
1.236219 
1.140929 
1.102862 
1.078031 
1.147476 
1.285303 
1.147479 
1.069263 
1.247369 
1.291152 
1.228210 
1.228183 
1.258627 
1.109915 
1.217325 
1.338675 
1.249037 
1.087098 
1.042207 
1.061149 
1.042196 
1.247384 
1.247396 
1.265609 
1.266171 
0.968326 
1.112734 
1.147544 
1.147496 
1.147497 
1.147492 
1.066841 
0.994114 
1.147496 
1.247407 
1.135396 
1.147498 
0.994101 
1.217311 
1.247369 
1.147513 
1.071728 
1.147537 
1.147536 
1.147515 
1.147523 
1.234200 
1.285327 
0.987746 
1.147496 
1.061148 
1.203870 
1.147474 
1.087095 
1.228169 
1.019097 
1.228172 
1.012085 
1.097460 
1.055554 
1.055556 
1.245723 
1.258601 
0.987736 
1.118930 
1.002965 
1.140151 
1.228152 
1.275986 
1.147486 
1.275989 
1.314086 
1.034143 
1.147487 
1.245693 
1.247400 
1.265618 
1.034157 
1.266172 
1.270461 
1.266185 
1.159425 
1.247413 
1.275973 
1.147531 
1.135405 
1.247434 
1.347289 
1.234428 
1.147533 
1.147523 
1.236239 
1.304432 
1.228160 
1.095094 
1.300704 
1.042220 
1.040716 
1.270433 
1.012091 
1.128216 
1.147520 
1.097483 
1.135403 
1.034819 
1.147519 
1.245697 
1.147302 
1.147517 
1.084339 
1.247428 
1.147518 
1.230842 
1.153034 
1.147486 
1.278753 
1.257090 
1.055572 
1.247416 
1.147479 
1.234212 
1.084337 
1.099368 
1.147453 
1.147447 
1.147441 
1.147461 
1.066199 
1.247416 
1.159480 
0.968339 
1.147460 
1.012078 
0.987763 
1.314100 
1.247422 
1.164707 
1.247436 
1.228172 
1.285333 
1.247438 
1.095068 
1.031652 
1.234173 
0.994126 
1.147470 
1.159427 
1.247430 
1.247418 
0.978002 
1.247402 
1.147475 
1.234419 
1.265646 
1.147519 
1.051627 
1.042261 
1.147523 
1.247383 
1.177832 
1.288273 
1.275960 
1.147513 
1.119396 
1.275958 
1.228176 
1.284751 
1.147525 
1.147550 
1.033327 
1.247391 
1.247393 
1.057269 
1.147595 
1.189221 
1.228178 
1.329599 
1.150771 
1.275969 
0.978016 
1.140163 
1.066839 
1.140162 
1.055567 
1.147601 
1.147600 
1.247373 
1.228182 
1.147319 
1.128235 
1.042252 
1.147317 
1.147511 
1.258012 
1.055563 
1.140132 
1.228162 
1.147519 
1.034142 
1.109877 
0.994110 
1.275984 
1.245726 
1.247364 
1.147558 
1.247360 
1.247359 
1.247351 
1.288177 
1.247348 
1.247354 
1.035142 
1.147547 
1.147534 
1.247351 
1.147518 
1.359427 
1.247350 
1.014188 
1.247350 
1.147464 
1.247349 
1.055584 
1.147448 
1.035171 
1.228170 
1.147461 
1.043878 
1.234422 
1.147493 
1.247347 
1.285335 
1.247359 
1.228156 
1.247362 
1.247342 
1.288168 
1.217305 
0.962112 
1.049206 
1.228117 
1.164723 
1.236261 
1.247329 
1.147519 
1.095092 
1.265622 
1.211794 
1.080092 
1.280278 
1.280287 
1.147525 
1.247282 
1.275979 
1.147533 
1.247269 
1.109877 
1.147548 
1.042259 
1.147534 
1.147530 
1.121255 
1.247245 
1.275992 
1.037320 
1.301500 
1.228096 
1.245688 
1.114288 
1.247242 
1.159425 
1.278782 
1.228094 
1.327555 
1.228123 
1.247228 
1.245683 
1.247221 
1.147527 
1.102886 
1.236263 
1.080075 
1.285353 
1.066223 
1.236249 
1.147489 
1.147481 
1.245657 
1.247230 
1.140949 
1.265633 
1.135441 
1.014208 
1.031657 
0.994114 
1.102875 
1.147484 
1.247251 
1.278772 
1.247227 
1.159403 
1.318773 
1.135136 
1.164725 
1.147497 
0.972258 
1.284742 
1.147498 
1.096010 
1.140110 
1.218133 
1.247245 
1.087109 
1.315357 
1.288322 
1.109876 
1.147489 
1.230819 
1.228175 
1.164727 
1.147497 
1.245668 
1.147494 
1.147510 
1.109876 
1.236237 
0.968333 
1.228143 
1.147517 
1.228187 
1.127204 
1.350008 
1.228170 
1.250560 
1.247231 
1.109869 
1.055616 
1.154387 
1.061161 
1.275968 
1.275945 
1.247228 
1.247250 
1.247250 
1.275915 
1.236230 
1.147479 
1.265631 
1.140933 
1.275921 
1.356516 
1.266242 
1.140874 
1.159435 
1.197718 
1.087108 
1.061152 
0.994111 
1.247250 
1.247257 
1.228177 
1.285337 
1.249584 
1.247263 
1.068582 
1.091633 
1.234180 
1.121942 
1.234175 
1.042296 
1.247254 
1.147465 
1.147463 
1.042310 
1.247244 
1.228179 
1.224009 
1.042317 
1.033322 
1.147499 
1.245676 
1.270432 
1.325221 
1.102862 
1.228178 
1.119413 
1.262729 
1.061131 
1.250564 
0.970630 
1.147503 
1.147281 
1.228173 
0.994081 
1.159415 
1.255932 
1.109875 
1.042307 
1.135455 
1.318765 
1.147460 
1.327561 
1.066834 
1.127921 
1.102848 
1.275946 
1.147443 
1.247250 
1.147450 
1.147465 
1.012054 
1.247264 
1.147489 
1.247249 
1.247256 
1.147519 
1.051629 
1.247238 
1.247232 
1.055587 
1.147510 
1.147524 
1.071474 
1.327550 
1.012044 
1.147547 
1.275943 
1.091628 
1.153016 
1.249597 
1.247252 
1.001939 
1.147562 
1.323814 
1.147566 
1.147576 
1.247263 
1.278794 
1.278794 
1.147584 
0.994084 
1.278811 
1.255895 
1.247271 
1.147575 
1.356737 
1.121253 
1.061133 
1.131857 
1.228226 
1.042248 
1.102838 
1.084314 
1.285333 
1.247198 
1.001939 
1.147530 
0.972812 
1.147528 
1.102812 
1.147538 
1.071471 
1.214776 
1.147523 
1.275941 
1.234237 
1.247197 
1.147477 
0.965522 
1.147488 
1.034129 
1.137799 
1.289699 
1.265629 
1.007172 
1.159400 
1.258616 
1.147471 
1.147477 
1.061148 
1.332351 
1.285315 
1.332356 
1.245688 
1.173377 
1.300692 
1.211795 
1.228233 
1.037328 
1.247142 
1.147475 
1.043891 
1.147464 
1.091621 
1.138071 
1.147431 
1.312434 
1.147458 
1.147466 
1.147468 
1.147474 
1.344869 
1.245674 
1.247152 
1.135439 
1.031692 
1.147475 
1.102820 
1.247131 
1.275946 
1.147496 
1.247130 
1.051627 
1.147484 
1.247123 
1.275952 
1.147510 
1.304413 
1.228240 
1.061150 
1.147502 
1.316505 
1.332336 
1.080100 
1.353855 
1.234216 
1.102809 
1.147481 
1.121223 
1.285326 
1.098146 
1.266251 
1.228216 
1.234375 
1.040702 
1.266256 
1.342650 
1.247140 
1.115630 
1.353235 
1.091608 
1.236217 
1.055602 
1.250567 
1.267896 
1.031669 
1.091623 
1.121921 
1.247138 
1.147481 
1.147473 
1.279725 
1.247150 
0.994094 
1.249576 
1.147482 
1.061172 
1.247145 
1.102790 
0.978025 
1.012033 
1.244721 
1.247173 
1.163538 
1.147462 
1.285336 
1.247165 
1.147452 
1.258628 
1.236223 
0.972814 
1.147471 
1.282835 
1.164700 
1.247162 
1.247143 
1.147452 
1.098170 
1.228211 
1.147457 
1.147443 
1.275943 
1.147456 
1.275929 
1.147447 
1.214781 
1.247153 
1.228213 
1.285342 
1.128246 
1.147439 
1.247161 
1.228210 
1.042246 
1.147432 
1.247178 
1.147423 
1.147436 
1.178669 
1.109860 
1.069212 
1.147457 
1.055610 
1.247175 
1.102793 
1.147280 
1.091626 
1.147460 
1.102791 
1.356508 
1.356498 
1.247182 
1.245670 
1.228221 
1.247207 
0.452357 
0.452775 
0.596587 
0.486448 
0.340812 
0.557448 
0.486415 
0.242980 
0.486406 
0.463134 
0.237927 
0.493372 
0.372352 
0.248097 
0.486420 
0.499072 
0.486398 
0.410103 
0.480588 
0.233960 
0.571276 
0.571244 
0.300025 
0.228760 
0.284130 
0.562813 
0.590293 
0.447175 
0.279033 
0.459956 
0.279060 
0.480580 
0.480588 
0.256275 
0.463161 
0.452361 
0.474181 
0.486425 
0.486466 
0.486466 
0.486485 
0.271616 
0.461893 
0.486469 
0.480595 
0.458258 
0.486483 
0.461892 
0.284136 
0.480590 
0.486473 
0.319583 
0.486499 
0.486507 
0.486489 
0.486516 
0.346521 
0.499065 
0.324554 
0.486498 
0.459967 
0.403826 
0.486544 
0.447206 
0.571203 
0.298273 
0.571215 
0.496122 
0.358216 
0.367733 
0.367685 
0.249807 
0.300019 
0.324541 
0.238816 
0.334968 
0.251352 
0.571204 
0.372764 
0.486539 
0.372767 
0.323975 
0.273308 
0.486568 
0.249818 
0.480642 
0.256272 
0.273308 
0.463159 
0.296738 
0.463137 
0.277868 
0.480634 
0.372799 
0.486553 
0.458287 
0.480621 
0.359545 
0.592501 
0.486515 
0.486536 
0.237952 
0.485213 
0.571199 
0.311812 
0.610380 
0.279033 
0.537728 
0.296662 
0.496124 
0.294504 
0.486548 
0.358218 
0.458288 
0.368437 
0.486529 
0.249814 
0.340799 
0.486505 
0.496151 
0.480614 
0.486530 
0.578415 
0.424017 
0.486580 
0.335952 
0.306035 
0.367683 
0.480563 
0.486582 
0.346556 
0.496139 
0.306514 
0.486621 
0.486633 
0.486641 
0.486631 
0.250154 
0.480569 
0.277836 
0.452384 
0.486611 
0.496134 
0.324523 
0.323976 
0.480601 
0.290058 
0.480594 
0.571211 
0.499069 
0.480589 
0.311861 
0.249841 
0.346573 
0.461914 
0.486638 
0.277795 
0.480621 
0.480631 
0.344722 
0.480627 
0.486632 
0.592514 
0.256277 
0.486643 
0.438322 
0.279059 
0.486643 
0.480650 
0.460488 
0.582834 
0.372786 
0.486683 
0.297589 
0.372815 
0.571236 
0.590377 
0.486684 
0.486665 
0.398825 
0.480616 
0.480638 
0.472626 
0.486698 
0.225745 
0.571264 
0.402746 
0.252553 
0.372830 
0.344715 
0.251342 
0.271591 
0.251360 
0.367670 
0.486689 
0.486651 
0.480651 
0.571276 
0.340813 
0.294511 
0.279026 
0.340819 
0.486634 
0.429426 
0.367665 
0.251328 
0.571241 
0.486640 
0.273303 
0.228730 
0.461947 
0.372848 
0.249830 
0.480619 
0.486598 
0.480578 
0.480582 
0.480595 
0.582859 
0.480613 
0.480634 
0.303102 
0.486596 
0.486610 
0.480641 
0.486618 
0.395020 
0.480648 
0.429927 
0.480631 
0.486623 
0.480632 
0.367619 
0.486582 
0.303109 
0.571223 
0.486571 
0.294781 
0.592502 
0.486592 
0.480586 
0.499101 
0.480589 
0.571202 
0.480583 
0.480583 
0.582867 
0.284166 
0.273552 
0.355432 
0.571165 
0.290037 
0.237973 
0.480604 
0.486615 
0.311826 
0.256257 
0.310981 
0.473415 
0.521486 
0.521498 
0.486610 
0.480583 
0.372835 
0.486605 
0.480589 
0.228695 
0.486615 
0.279011 
0.486631 
0.486630 
0.282637 
0.480558 
0.372810 
0.241823 
0.514841 
0.571151 
0.249807 
0.227087 
0.480577 
0.277887 
0.336001 
0.571143 
0.381878 
0.571137 
0.480558 
0.249800 
0.480573 
0.486608 
0.372414 
0.237994 
0.473439 
0.499130 
0.250216 
0.238009 
0.486594 
0.486564 
0.249776 
0.480564 
0.493354 
0.256261 
0.458295 
0.429945 
0.249862 
0.461950 
0.372396 
0.486563 
0.480576 
0.336002 
0.480578 
0.277809 
0.348384 
0.385799 
0.290034 
0.486539 
0.399784 
0.590403 
0.486518 
0.317237 
0.251315 
0.464359 
0.480571 
0.447187 
0.594670 
0.582809 
0.228684 
0.486533 
0.578403 
0.571115 
0.290038 
0.486506 
0.249791 
0.486532 
0.486536 
0.228681 
0.238005 
0.452390 
0.571097 
0.486521 
0.571113 
0.596569 
0.432812 
0.571118 
0.574911 
0.480594 
0.228688 
0.367634 
0.391974 
0.460001 
0.372801 
0.372828 
0.480583 
0.480570 
0.480538 
0.372846 
0.238019 
0.486502 
0.256266 
0.493337 
0.372845 
0.605638 
0.463148 
0.388957 
0.277886 
0.595954 
0.447190 
0.460010 
0.461911 
0.480498 
0.480523 
0.571151 
0.499128 
0.285456 
0.480523 
0.288541 
0.298863 
0.346564 
0.476538 
0.346546 
0.279018 
0.480530 
0.486481 
0.486500 
0.279012 
0.480553 
0.571153 
0.239282 
0.278995 
0.398821 
0.486509 
0.249828 
0.296696 
0.254267 
0.372398 
0.571145 
0.297555 
0.254626 
0.460024 
0.574880 
0.411723 
0.486458 
0.340806 
0.571152 
0.461907 
0.277832 
0.491494 
0.228732 
0.278983 
0.458274 
0.348396 
0.486504 
0.381896 
0.271588 
0.434504 
0.372428 
0.372850 
0.486531 
0.480616 
0.486498 
0.486488 
0.496122 
0.480596 
0.486545 
0.480594 
0.480614 
0.486530 
0.438312 
0.480579 
0.480553 
0.367638 
0.486541 
0.486528 
0.352826 
0.381925 
0.496118 
0.486541 
0.372817 
0.298836 
0.424006 
0.285487 
0.480550 
0.339670 
0.486543 
0.557409 
0.486541 
0.486545 
0.480555 
0.336023 
0.336025 
0.486581 
0.461923 
0.336058 
0.491528 
0.480522 
0.486580 
0.547046 
0.282642 
0.460032 
0.221195 
0.571185 
0.279021 
0.372435 
0.496163 
0.499156 
0.480545 
0.339627 
0.486525 
0.472965 
0.486530 
0.372429 
0.486512 
0.352802 
0.357904 
0.486519 
0.372841 
0.346528 
0.480541 
0.486497 
0.285325 
0.486482 
0.273302 
0.462025 
0.618871 
0.256281 
0.537989 
0.277837 
0.300007 
0.486526 
0.486468 
0.460024 
0.514283 
0.499138 
0.514281 
0.249855 
0.568061 
0.610408 
0.311008 
0.571207 
0.241789 
0.480500 
0.486484 
0.294743 
0.486467 
0.298856 
0.291585 
0.486457 
0.450135 
0.486493 
0.486501 
0.486501 
0.486497 
0.594332 
0.249815 
0.480497 
0.458277 
0.249899 
0.486480 
0.372472 
0.480479 
0.372842 
0.486486 
0.480471 
0.438323 
0.486522 
0.480488 
0.372832 
0.486515 
0.485171 
0.571179 
0.459995 
0.486528 
0.263159 
0.514300 
0.473439 
0.348521 
0.346547 
0.372467 
0.486559 
0.282641 
0.499125 
0.339294 
0.463148 
0.571210 
0.592516 
0.537731 
0.463161 
0.331385 
0.480497 
0.405172 
0.506335 
0.298872 
0.238070 
0.367640 
0.574912 
0.517357 
0.249937 
0.298856 
0.476540 
0.480536 
0.486508 
0.486523 
0.279117 
0.480538 
0.461960 
0.285508 
0.486525 
0.460030 
0.480547 
0.372509 
0.344726 
0.496108 
0.420306 
0.480539 
0.459369 
0.486504 
0.499134 
0.480555 
0.486498 
0.300015 
0.238079 
0.472978 
0.486495 
0.441804 
0.290025 
0.480571 
0.480557 
0.486578 
0.339322 
0.571276 
0.486564 
0.486559 
0.372783 
0.486544 
0.372803 
0.486526 
0.357915 
0.480496 
0.571277 
0.499141 
0.294509 
0.486538 
0.480516 
0.571261 
0.279030 
0.486569 
0.480533 
0.486564 
0.486556 
0.610204 
0.228754 
0.410060 
0.486531 
0.367630 
0.480514 
0.372534 
0.340821 
0.298865 
0.486530 
0.372563 
0.605621 
0.605640 
0.480497 
0.249817 
0.571280 
0.480493 
0.581463 
0.632674 
0.585423 
0.575207 
0.567284 
0.534950 
0.575206 
0.543778 
0.575209 
0.616154 
0.481782 
0.546817 
0.584867 
0.452998 
0.575208 
0.549724 
0.575209 
0.676105 
0.542527 
0.495074 
0.533822 
0.533822 
0.506716 
0.546823 
0.535560 
0.543090 
0.646252 
0.612844 
0.561021 
0.625201 
0.561012 
0.542528 
0.542521 
0.519967 
0.616159 
0.581464 
0.564293 
0.575215 
0.575216 
0.575219 
0.575214 
0.558114 
0.655822 
0.575213 
0.542530 
0.558672 
0.575209 
0.655821 
0.535562 
0.542537 
0.575210 
0.492209 
0.575211 
0.575208 
0.575202 
0.575205 
0.471241 
0.549723 
0.583101 
0.575210 
0.625206 
0.576223 
0.575195 
0.612844 
0.533829 
0.602368 
0.533828 
0.616518 
0.598045 
0.666894 
0.666892 
0.506935 
0.506714 
0.583105 
0.481443 
0.664184 
0.649150 
0.533827 
0.585320 
0.575216 
0.585320 
0.551369 
0.617608 
0.575211 
0.506938 
0.542543 
0.519969 
0.617607 
0.616164 
0.493511 
0.616156 
0.564627 
0.542539 
0.585314 
0.575212 
0.558680 
0.542540 
0.521436 
0.615772 
0.575214 
0.575214 
0.481783 
0.495734 
0.533823 
0.542501 
0.574260 
0.561007 
0.683690 
0.493535 
0.616515 
0.577315 
0.575219 
0.598043 
0.558686 
0.588425 
0.575224 
0.506935 
0.567277 
0.575224 
0.618665 
0.542536 
0.575225 
0.583145 
0.567987 
0.575228 
0.549738 
0.499531 
0.666883 
0.542536 
0.575233 
0.471239 
0.618668 
0.626222 
0.575244 
0.575243 
0.575244 
0.575244 
0.463198 
0.542540 
0.564624 
0.581469 
0.575246 
0.616520 
0.583102 
0.551366 
0.542544 
0.513618 
0.542549 
0.533834 
0.549711 
0.542545 
0.542474 
0.450158 
0.471245 
0.655814 
0.575252 
0.564623 
0.542552 
0.542554 
0.640676 
0.542553 
0.575252 
0.615772 
0.519968 
0.575260 
0.585221 
0.561020 
0.575258 
0.542556 
0.641404 
0.571640 
0.585315 
0.575260 
0.530072 
0.585313 
0.533831 
0.644633 
0.575254 
0.575257 
0.642135 
0.542550 
0.542552 
0.665802 
0.575254 
0.473859 
0.533835 
0.495623 
0.486071 
0.585315 
0.640674 
0.649143 
0.558118 
0.649142 
0.666882 
0.575258 
0.575260 
0.542546 
0.533838 
0.567277 
0.577317 
0.561017 
0.567274 
0.575259 
0.548759 
0.666884 
0.649147 
0.533838 
0.575259 
0.617612 
0.546827 
0.655819 
0.585307 
0.506935 
0.542553 
0.575263 
0.542552 
0.542555 
0.542558 
0.571646 
0.542559 
0.542556 
0.591974 
0.575261 
0.575267 
0.542561 
0.575267 
0.548763 
0.542563 
0.570201 
0.542565 
0.575264 
0.542558 
0.666886 
0.575267 
0.591975 
0.533839 
0.575272 
0.571035 
0.615768 
0.575268 
0.542549 
0.549717 
0.542549 
0.533840 
0.542547 
0.542545 
0.571648 
0.535560 
0.583996 
0.631437 
0.533835 
0.513625 
0.481777 
0.542545 
0.575280 
0.542498 
0.519976 
0.576008 
0.587672 
0.614937 
0.614938 
0.575284 
0.542550 
0.585305 
0.575279 
0.542546 
0.546832 
0.575275 
0.561023 
0.575283 
0.575283 
0.558148 
0.542550 
0.585309 
0.496237 
0.534498 
0.533848 
0.506932 
0.574164 
0.542555 
0.564631 
0.549740 
0.533851 
0.547856 
0.533855 
0.542554 
0.506935 
0.542555 
0.575283 
0.584878 
0.481782 
0.587669 
0.549721 
0.463197 
0.481785 
0.575276 
0.575271 
0.506930 
0.542567 
0.546821 
0.519976 
0.558692 
0.570208 
0.450157 
0.655818 
0.584878 
0.575269 
0.542560 
0.549737 
0.542561 
0.564615 
0.507652 
0.597230 
0.513625 
0.575271 
0.648137 
0.644627 
0.575280 
0.619419 
0.649143 
0.565081 
0.542564 
0.612838 
0.614635 
0.571651 
0.546828 
0.575282 
0.583147 
0.533854 
0.513629 
0.575280 
0.506925 
0.575279 
0.575279 
0.546827 
0.481784 
0.581467 
0.533855 
0.575282 
0.533857 
0.585426 
0.516266 
0.533857 
0.539494 
0.542564 
0.546828 
0.666883 
0.640861 
0.625211 
0.585326 
0.585323 
0.542565 
0.542566 
0.542567 
0.585318 
0.481789 
0.575273 
0.519979 
0.546822 
0.585323 
0.601589 
0.616160 
0.652488 
0.564631 
0.609775 
0.612838 
0.625209 
0.655825 
0.542567 
0.542566 
0.533861 
0.549721 
0.535563 
0.542561 
0.606394 
0.579055 
0.471243 
0.614508 
0.471244 
0.561025 
0.542558 
0.575285 
0.575284 
0.561024 
0.542565 
0.533863 
0.566941 
0.561019 
0.642135 
0.575287 
0.506924 
0.493511 
0.447887 
0.584873 
0.533862 
0.530074 
0.468738 
0.625206 
0.539491 
0.640489 
0.575285 
0.567273 
0.533864 
0.655819 
0.564619 
0.611362 
0.546825 
0.561020 
0.558690 
0.507651 
0.575276 
0.547865 
0.558122 
0.553504 
0.584869 
0.585325 
0.575272 
0.542566 
0.575265 
0.575260 
0.616526 
0.542566 
0.575261 
0.542566 
0.542562 
0.575265 
0.585229 
0.542562 
0.542562 
0.666875 
0.575268 
0.575271 
0.573113 
0.547868 
0.616526 
0.575271 
0.585325 
0.579057 
0.567991 
0.535560 
0.542566 
0.589476 
0.575276 
0.534946 
0.575269 
0.575274 
0.542571 
0.549738 
0.549736 
0.575279 
0.655812 
0.549733 
0.611372 
0.542573 
0.575277 
0.562764 
0.558148 
0.625206 
0.544963 
0.533864 
0.561023 
0.584870 
0.618668 
0.549721 
0.542565 
0.589473 
0.575275 
0.659628 
0.575273 
0.584867 
0.575272 
0.573108 
0.529326 
0.575266 
0.585323 
0.471251 
0.542554 
0.575266 
0.598683 
0.575257 
0.617611 
0.592046 
0.535340 
0.519985 
0.611664 
0.564621 
0.506711 
0.575249 
0.575243 
0.625203 
0.583870 
0.549720 
0.583868 
0.506934 
0.615746 
0.574270 
0.576013 
0.533868 
0.496239 
0.542551 
0.575238 
0.570997 
0.575240 
0.579063 
0.559346 
0.575236 
0.591353 
0.575237 
0.575232 
0.575239 
0.575227 
0.634836 
0.506932 
0.542550 
0.558694 
0.450155 
0.575224 
0.584867 
0.542553 
0.585321 
0.575224 
0.542550 
0.585231 
0.575227 
0.542551 
0.585322 
0.575228 
0.495751 
0.533862 
0.625209 
0.575234 
0.552537 
0.583871 
0.587665 
0.557255 
0.471247 
0.584869 
0.575235 
0.558143 
0.549721 
0.594764 
0.616161 
0.533867 
0.615754 
0.683694 
0.616163 
0.532995 
0.542541 
0.601764 
0.506777 
0.579066 
0.481789 
0.666870 
0.539498 
0.523982 
0.450160 
0.579068 
0.614507 
0.542534 
0.575237 
0.575234 
0.536788 
0.542539 
0.655823 
0.535555 
0.575245 
0.625205 
0.542538 
0.584863 
0.640670 
0.616527 
0.539898 
0.542546 
0.530492 
0.575245 
0.549715 
0.542546 
0.575248 
0.506715 
0.481789 
0.659630 
0.575251 
0.467527 
0.513623 
0.542548 
0.542550 
0.575250 
0.594768 
0.533878 
0.575251 
0.575246 
0.585326 
0.575248 
0.585324 
0.575250 
0.529327 
0.542540 
0.533884 
0.549711 
0.577315 
0.575248 
0.542539 
0.533882 
0.561020 
0.575243 
0.542536 
0.575245 
0.575250 
0.592473 
0.546822 
0.676106 
0.575250 
0.666869 
0.542532 
0.584863 
0.567272 
0.579072 
0.575255 
0.584859 
0.601588 
0.601590 
0.542536 
0.506932 
0.533879 
0.542533 
