0 
 
 2.555230 
6.112123e+00 
 
 9.776742 
5.646913e-01 
 
 4.848914 
8.838211e-01 
 
 6.730620 
1.128160e+00 
 
 0.043546 
1.515873e+00 
 
 1.370102 
1.348424e+00 
 
 3.930708 
9.702130e+00 
 
 0.255936 
5.014019e+00 
 
 1.573355 
8.108977e+00 
 
 4.711970 
2.509307e+00 
 
 3.391280 
6.916093e+00 
 
 2.020850 
7.398080e+00 
 
 0.198696 
2.218404e+00 
 
 7.934516 
4.815116e+00 
 
 9.369246 
1.974021e+00 
 
 1.145279 
2.879220e+00 
 
 2.116818 
1.090672e+00 
 
 1.811930 
1.809063e+00 
 
 1.633414 
3.144196e-01 
 
 0.174804 
1.275265e+00 
 
 0.096047 
4.969261e-01 
 
 0.223631 
2.075718e+00 
 
 0.626072 
2.208633e+00 
 
 0.319183 
1.261130e+00 
 
 0.707360 
9.539595e-01 
 
 0.717867 
7.814683e-01 
 
 0.564881 
8.310954e-01 
 
 0.642895 
6.276795e-01 
 
 0.710914 
5.585033e-01 
 
 0.736405 
6.090570e-01 
 
 0 
 
 2.555230 
7.243593e-01 
 
 6.112123 
9.776742e+00 
 
 0.564691 
4.848914e+00 
 
 0.883821 
6.730620e+00 
 
 4.376540 
1.491775e+00 
 
 1.128160 
4.354567e-02 
 
 7.466481 
1.515873e+00 
 
 0.452009 
3.711999e+00 
 
 1.544981 
1.930553e+00 
 
 2.052076 
3.569370e+00 
 
 2.719364 
3.411935e+00 
 
 0.581803 
6.017261e+00 
 
 6.034250 
3.564213e+00 
 
 2.761438 
2.107835e+00 
 
 1.622716 
2.061297e+00 
 
 8.581056 
9.489077e+00 
 
 3.695362 
5.948164e+00 
 
 0.967317 
8.427652e+00 
 
 6.480660 
9.699963e+00 
 
 1.150136 
4.269500e+00 
 
 1.564145 
6.923451e+00 
 
 1.546163 
2.955343e+00 
 
 6.214702 
9.213616e-01 
 
 0.492560 
2.091133e-01 
 
 1.077339 
7.604258e-02 
 
 3.397589 
3.600823e+00 
 
 1.655919 
1.076363e+00 
 
 2.435997 
9.733529e+00 
 
 1.176020 
1.652063e-01 
 
 0.677693 
6.022901e+00 
 
 4.878840 
2.685356e-01 
 
 2.748105 
2.639323e+00 
 
 0.275078 
2.783122e+00 
 
 1.594533 
6.947299e+00 
 
 2.490251 
8.659125e+00 
 
 3.752228 
5.341427e-01 
 
 9.419705 
7.027172e+00 
 
 5.013032 
2.416298e+00 
 
 0.065729 
4.032642e-01 
 
 0.930164 
2.808376e+00 
 
 1.482607 
2.476941e+00 
 
 2.733201 
5.323786e+00 
 
 3.084378 
6.833450e+00 
 
 8.483406 
7.391569e-01 
 
 1.674264 
8.187912e+00 
 
 3.473957 
6.587513e+00 
 
 9.335736 
2.442997e+00 
 
 4.047885 
5.398064e+00 
 
 6.448271 
2.716985e+00 
 
 4.732311 
5.419791e+00 
 
 3.990979 
1.977920e-01 
 
 4.639190 
2.457637e+00 
 
 0.660561 
2.771917e+00 
 
 1.550484 
5.994339e+00 
 
 4.206773 
1.362363e+00 
 
 1.050908 
6.005380e+00 
 
 0.642832 
5.587809e+00 
 
 1.775729 
5.928259e+00 
 
 0.021577 
4.520302e+00 
 
 0.926070 
1.490914e+00 
 
 1.348568 
1.033113e+00 
 
 0.753015 
7.843643e+00 
 
 0.743141 
3.617147e+00 
 
 5.082823 
1.087802e+00 
 
 0.581371 
1.165127e+00 
 
 1.539102 
8.349406e-01 
 
 1.849129 
4.422558e+00 
 
 1.033191 
5.085179e+00 
 
 1.463218 
9.622018e-01 
 
 0.694507 
2.763254e-01 
 
 0.249992 
2.323640e+00 
 
 5.181524 
6.077834e-01 
 
 0.908705 
2.702694e+00 
 
 2.657709 
9.496899e-01 
 
 6.259518 
1.594997e+00 
 
 2.380919 
9.698056e+00 
 
 5.990577 
5.705738e+00 
 
 3.805295 
1.215103e+00 
 
 2.538727 
2.622283e+00 
 
 7.151805 
1.767770e+00 
 
 1.461594 
3.575487e+00 
 
 5.515801 
4.297555e+00 
 
 4.559394 
4.156068e-01 
 
 3.089382 
2.018319e+00 
 
 6.164381 
6.513265e+00 
 
 5.768333 
1.202151e+00 
 
 1.061951 
8.854959e+00 
 
 1.664521 
3.985655e+00 
 
 0.775291 
8.894702e-01 
 
 2.356990 
5.359072e-01 
 
 2.943988 
2.223264e+00 
 
 2.685612 
7.011634e+00 
 
 4.087021 
1.484465e+00 
 
 3.270855 
1.134689e-01 
 
 3.758251 
2.468606e-01 
 
 4.921728 
7.141328e+00 
 
 2.638648 
4.863250e+00 
 
 0.666389 
1.052357e+00 
 
 1.725962 
1.439240e+00 
 
 5.451011 
1.778493e-01 
 
 1.370102 
8.250790e+00 
 
 1.348424 
3.930708e+00 
 
 9.702130 
2.559359e-01 
 
 5.014019 
1.573355e+00 
 
 3.673313 
3.709415e+00 
 
 8.108977 
4.711970e+00 
 
 5.007621 
2.509307e+00 
 
 0.105985 
5.692954e+00 
 
 2.715931 
3.619687e+00 
 
 5.386956 
4.212040e+00 
 
 6.533167 
7.247582e-01 
 
 2.610584 
9.520321e+00 
 
 2.383795 
4.032986e+00 
 
 0.542495 
8.617229e-01 
 
 6.895048 
1.675826e-01 
 
 0.617476 
8.591231e+00 
 
 5.586408 
2.365822e+00 
 
 6.662104 
2.779929e+00 
 
 4.773171 
7.205311e-01 
 
 3.270553 
1.954899e+00 
 
 4.864927 
6.125968e+00 
 
 3.521971 
1.815484e+00 
 
 2.999804 
7.067255e+00 
 
 4.821977 
4.404422e+00 
 
 7.904216 
2.368720e+00 
 
 0.316789 
2.515222e+00 
 
 2.484855 
8.301039e+00 
 
 2.214267 
3.662679e+00 
 
 3.880032 
4.706181e+00 
 
 5.019884 
6.794024e+00 
 
 1.954704 
1.462551e+00 
 
 6.542195 
5.896392e+00 
 
 7.329883 
2.572553e+00 
 
 2.658240 
1.465485e+00 
 
 3.132272 
3.261023e+00 
 
 5.883332 
4.880868e-01 
 
 1.959637 
8.521990e+00 
 
 5.999340 
4.960820e+00 
 
 3.358988 
8.941993e+00 
 
 0.553063 
8.290039e+00 
 
 6.617306 
1.633857e+00 
 
 0.826059 
1.273344e+00 
 
 7.762230 
9.477379e+00 
 
 0.021016 
9.434389e+00 
 
 9.270720 
3.786812e+00 
 
 9.443397 
8.975802e-01 
 
 2.228513 
1.144088e+00 
 
 2.387808 
3.610423e+00 
 
 2.975906 
1.099339e+00 
 
 2.468914 
7.826671e-01 
 
 4.232814 
2.005689e+00 
 
 7.509856 
3.840185e+00 
 
 4.406851 
1.880157e+00 
 
 1.631470 
9.389167e+00 
 
 1.383782 
9.898107e+00 
 
 5.670720 
3.275366e+00 
 
 9.353947 
4.305278e+00 
 
 4.413483 
1.589652e+00 
 
 9.294252 
2.981358e-01 
 
 5.535865 
2.207314e+00 
 
 1.472459 
1.130977e+00 
 
 1.616255 
7.722801e-01 
 
 0.547197 
6.581081e+00 
 
 0.517865 
7.084657e+00 
 
 7.773850 
4.743660e+00 
 
 4.469566 
3.546735e+00 
 
 2.880236 
1.462263e+00 
 
 4.545602 
1.084380e-01 
 
 2.691274 
7.541202e+00 
 
 6.775360 
8.817028e+00 
 
 7.390237 
4.286532e+00 
 
 1.095579 
8.457597e+00 
 
 5.112869 
6.938657e+00 
 
 2.985584 
4.816043e+00 
 
 5.219291 
6.041120e+00 
 
 4.521555 
2.928484e-01 
 
 4.776134 
7.502176e-01 
 
 6.895983 
6.258350e-01 
 
 4.547646 
5.272097e+00 
 
 6.401730 
1.514715e+00 
 
 8.717163 
2.284969e+00 
 
 5.157421 
5.479095e-02 
 
 1.107939 
2.180087e+00 
 
 2.248350 
4.434488e+00 
 
 1.075172 
3.226320e+00 
 
 8.146544 
5.958912e+00 
 
 5.046330 
7.372498e+00 
 
 1.031926 
3.214133e+00 
 
 9.557483 
4.945451e+00 
 
 3.528389 
3.029576e-01 
 
 3.473961 
4.889765e+00 
 
 0.106619 
2.534330e+00 
 
 3.021714 
7.438319e-01 
 
 3.275317 
9.234224e+00 
 
 6.425453 
4.299459e+00 
 
 0.542278 
6.847326e-02 
 
 0.936977 
1.899504e+00 
 
 0.306569 
2.064671e+00 
 
 9.308405 
1.863863e+00 
 
 3.667058 
6.865610e+00 
 
 3.391280 
1.320230e+00 
 
 6.916093 
2.020850e+00 
 
 7.398080 
1.986961e-01 
 
 2.218404 
7.934516e+00 
 
 1.818596 
7.171386e+00 
 
 4.815116 
9.369246e+00 
 
 0.299933 
1.974021e+00 
 
 0.868222 
2.961919e+00 
 
 5.441259 
9.759366e+00 
 
 3.775040 
9.612056e+00 
 
 0.264671 
2.068955e+00 
 
 2.164401 
6.610698e+00 
 
 1.745904 
1.525850e+00 
 
 4.145055 
8.586805e+00 
 
 5.603124 
5.028651e+00 
 
 7.112889 
7.980461e+00 
 
 7.129097 
4.432568e-01 
 
 5.960245 
9.743989e+00 
 
 7.345934 
4.840172e-01 
 
 6.969647 
7.440537e+00 
 
 7.846804 
9.361428e+00 
 
 5.037551 
4.106057e+00 
 
 5.202317 
7.781049e-01 
 
 9.101166 
6.800095e+00 
 
 6.368921 
7.533866e+00 
 
 4.270494 
8.958635e+00 
 
 6.563714 
6.675300e+00 
 
 3.328179 
1.871475e-01 
 
 1.446798 
2.120738e+00 
 
 4.808158 
9.462497e+00 
 
 1.131823 
4.872820e+00 
 
 1.355843 
4.618060e+00 
 
 1.353160 
7.567767e+00 
 
 1.296776 
2.208576e+00 
 
 7.375466 
2.543603e+00 
 
 5.805050 
1.002946e+00 
 
 6.208902 
1.007980e+00 
 
 1.766411 
5.558453e+00 
 
 1.377208 
2.701745e-01 
 
 4.641369 
3.568630e+00 
 
 0.223491 
2.867817e+00 
 
 6.590817 
4.745813e+00 
 
 2.771512 
4.331684e+00 
 
 6.006350 
3.143241e+00 
 
 7.323510 
2.195336e+00 
 
 8.664870 
8.096847e+00 
 
 4.958183 
1.038003e+00 
 
 8.944680 
1.824692e+00 
 
 5.434991 
8.181249e+00 
 
 9.054139 
8.869052e+00 
 
 3.407766 
8.091079e+00 
 
 0.213378 
3.967102e+00 
 
 0.693935 
9.087292e+00 
 
 5.367005 
9.050891e+00 
 
 3.979324 
2.427261e+00 
 
 5.774908 
1.662676e+00 
 
 5.118058 
1.356404e+00 
 
 2.297321 
7.406820e+00 
 
 5.820793 
8.381524e-01 
 
 7.237036 
4.270258e+00 
 
 3.077356 
2.583391e+00 
 
 1.142419 
4.625497e+00 
 
 6.886871 
3.894998e+00 
 
 6.189879 
5.258535e-01 
 
 4.343907 
3.690699e+00 
 
 9.216290 
4.430870e+00 
 
 6.513207 
8.134102e-01 
 
 5.763773 
5.772589e+00 
 
 1.533067 
6.831180e-01 
 
 9.660810 
8.314135e+00 
 
 6.773814 
5.150180e+00 
 
 2.731070 
3.082012e+00 
 
 7.317436 
2.662606e+00 
 
 6.674512 
7.572985e+00 
 
 4.800836 
7.410059e+00 
 
 9.625431 
3.833400e+00 
 
 4.231351 
4.231258e+00 
 
 8.653592 
3.169031e+00 
 
 8.594868 
3.313452e+00 
 
 9.618732 
2.938751e+00 
 
 4.892191 
3.504537e+00 
 
 5.251535 
3.874570e+00 
 
 2.728799 
8.736439e+00 
 
 0.304475 
4.870465e+00 
 
 5.441383 
2.678696e-01 
 
 6.286892 
3.506202e+00 
 
 8.326231 
9.363081e+00 
 
 4.076651 
6.937053e+00 
 
 6.055902 
7.971809e+00 
 
 8.576195 
6.357501e+00 
 
 0.164837 
5.229007e+00 
 
 2.416465 
3.675236e+00 
 
 4.049454 
9.433815e+00 
 
 8.359332 
4.032326e+00 
 
 2.150155 
3.470176e+00 
 
 2.191340 
7.958631e+00 
 
 6.425968 
8.679222e-01 
 
 2.049203 
6.695769e+00 
 
 3.715463 
1.446381e+00 
 
 6.255642 
8.989301e+00 
 
 1.145279 
1.525064e+00 
 
 2.879220 
2.116818e+00 
 
 1.090672 
1.811930e+00 
 
 1.809063 
1.633414e+00 
 
 2.667958 
2.394592e+00 
 
 0.314420 
1.748037e-01 
 
 0.593343 
1.275265e+00 
 
 0.102174 
2.284327e+00 
 
 2.403891 
2.487543e+00 
 
 1.821440 
1.942136e+00 
 
 2.711624 
2.005400e+00 
 
 1.461619 
4.925425e-01 
 
 2.729552 
2.741561e+00 
 
 2.001956 
2.652652e+00 
 
 2.235067 
1.666859e+00 
 
 2.356755 
2.712403e+00 
 
 2.655277 
2.945979e+00 
 
 0.421329 
2.265194e+00 
 
 0.547787 
2.633959e+00 
 
 0.438140 
2.151272e+00 
 
 2.487325 
1.251621e+00 
 
 0.609268 
2.546650e+00 
 
 2.887696 
1.177234e+00 
 
 1.402551 
1.059217e+00 
 
 1.182256 
1.465907e+00 
 
 1.943124 
1.910670e+00 
 
 2.723464 
2.775750e+00 
 
 2.642371 
1.642917e+00 
 
 1.738879 
3.364821e-01 
 
 1.532119 
2.925924e+00 
 
 0.579921 
2.064228e+00 
 
 0.796747 
2.758733e+00 
 
 2.231303 
7.838208e-01 
 
 1.924371 
2.409171e+00 
 
 2.888506 
2.576204e+00 
 
 1.347812 
2.792624e+00 
 
 2.946360 
1.789755e+00 
 
 2.872975 
1.702603e+00 
 
 1.069478 
2.060357e+00 
 
 0.178272 
5.172836e-01 
 
 0.387027 
2.533315e+00 
 
 1.619087 
1.723952e+00 
 
 0.032326 
2.448171e-01 
 
 0.185457 
3.019865e-01 
 
 0.474725 
2.110248e+00 
 
 0.901862 
2.814813e+00 
 
 0.201042 
2.789534e+00 
 
 1.999151 
4.766728e-02 
 
 2.188126 
2.709522e+00 
 
 1.241041 
2.327940e+00 
 
 2.814601 
9.767630e-01 
 
 0.991655 
7.782052e-01 
 
 1.590816 
2.897605e+00 
 
 2.008624 
2.331193e+00 
 
 1.718945 
2.216794e+00 
 
 2.689460 
1.454824e+00 
 
 0.031601 
2.574871e-01 
 
 2.564187 
1.899509e+00 
 
 1.520358 
2.638284e+00 
 
 1.037151 
1.967510e-01 
 
 2.295348 
1.559561e-02 
 
 0.463495 
2.697814e+00 
 
 1.830960 
2.479374e+00 
 
 1.927946 
1.097157e+00 
 
 1.371059 
1.295967e+00 
 
 1.147459 
2.338970e+00 
 
 0.925723 
1.302092e+00 
 
 2.067578 
2.634586e+00 
 
 0.229432 
1.876958e+00 
 
 0.867056 
2.972330e+00 
 
 0.285259 
8.094260e-01 
 
 2.215979 
7.060188e-01 
 
 2.471298 
5.191008e-01 
 
 1.133588 
1.315597e+00 
 
 1.884921 
6.937063e-01 
 
 2.521869 
1.358938e+00 
 
 2.243267 
9.649406e-01 
 
 0.242011 
1.997409e+00 
 
 2.556528 
1.434767e+00 
 
 2.440064 
1.499662e+00 
 
 1.688365 
1.764198e+00 
 
 0.803381 
2.690744e+00 
 
 2.336181 
7.815733e-01 
 
 2.606648 
2.360126e+00 
 
 1.240447 
2.508676e+00 
 
 1.981693 
4.786677e-01 
 
 2.023675 
3.632787e-01 
 
 2.481046 
1.286619e+00 
 
 0.172346 
1.518500e+00 
 
 2.396263 
1.655172e-01 
 
 1.736776 
1.667695e+00 
 
 1.088022 
2.749640e+00 
 
 2.002522 
2.664991e+00 
 
 2.371431 
8.711186e-01 
 
 2.725292 
2.067772e+00 
 
 1.219998 
2.907549e+00 
 
 1.768180 
1.815344e+00 
 
 1.672225 
2.031037e+00 
 
 2.040217 
2.182209e+00 
 
 0.362985 
2.535719e+00 
 
 0.096047 
2.152486e+00 
 
 0.496926 
2.236311e-01 
 
 2.075718 
6.260716e-01 
 
 2.208633 
3.191826e-01 
 
 2.965856 
2.236256e+00 
 
 1.261130 
7.073605e-01 
 
 1.546016 
9.539595e-01 
 
 0.105344 
1.179688e+00 
 
 1.297545 
2.105897e+00 
 
 1.139422 
4.130616e-01 
 
 1.653019 
2.883534e-01 
 
 2.632189 
1.011926e+00 
 
 0.064510 
2.334493e+00 
 
 2.774573 
5.759664e-01 
 
 1.978992 
1.063603e+00 
 
 0.498181 
3.298905e-01 
 
 1.876059 
2.558304e+00 
 
 2.465131 
3.115573e-01 
 
 0.250288 
5.225349e-01 
 
 0.107974 
2.701042e-01 
 
 1.215428 
2.617631e+00 
 
 0.115246 
2.248376e-01 
 
 0.993312 
1.719308e+00 
 
 2.518653 
2.695897e+00 
 
 2.899884 
5.274764e-01 
 
 2.209258 
3.588731e-02 
 
 0.593829 
2.976329e+00 
 
 1.323950 
1.378127e-01 
 
 1.948142 
1.814896e+00 
 
 2.235773 
1.552789e+00 
 
 0.216693 
6.837129e-01 
 
 2.503248 
3.336229e-01 
 
 2.971980 
1.308885e-01 
 
 1.247752 
2.707961e-01 
 
 2.207385 
6.063225e-01 
 
 0.358176 
4.632509e-01 
 
 0.195314 
1.881083e+00 
 
 2.795029 
2.505712e+00 
 
 1.708944 
1.425969e+00 
 
 0.516356 
2.736138e+00 
 
 2.182972 
1.079962e+00 
 
 0.374939 
1.107533e-01 
 
 2.489995 
1.180724e+00 
 
 0.562827 
1.157537e+00 
 
 1.410160 
2.517191e+00 
 
 1.297387 
3.544621e-01 
 
 0.071073 
2.100813e+00 
 
 0.390107 
2.398707e+00 
 
 0.351347 
2.274356e+00 
 
 0.064771 
3.675362e-01 
 
 2.255868 
1.621513e+00 
 
 2.874783 
2.943203e+00 
 
 1.986719 
3.789230e-01 
 
 2.607011 
2.695893e+00 
 
 1.203373 
2.729800e+00 
 
 2.839751 
2.554277e+00 
 
 0.415850 
1.999900e+00 
 
 2.773746 
1.723630e+00 
 
 0.871380 
1.756640e-01 
 
 0.108982 
1.751291e+00 
 
 1.437487 
6.976890e-02 
 
 2.739379 
1.118257e-01 
 
 0.996742 
1.641077e-01 
 
 1.264797 
2.431250e+00 
 
 1.135121 
1.206481e+00 
 
 1.341567 
2.732219e+00 
 
 2.314018 
7.070830e-01 
 
 1.915323 
6.629027e-01 
 
 1.154622 
8.947620e-01 
 
 2.217673 
8.892013e-01 
 
 2.870652 
2.325629e+00 
 
 0.825433 
2.713562e+00 
 
 2.072113 
2.988681e+00 
 
 1.649181 
2.821423e+00 
 
 0.185955 
1.820317e+00 
 
 0.929051 
1.283433e-01 
 
 1.891821 
2.041098e-02 
 
 2.129305 
1.534890e+00 
 
 1.003510 
1.905398e+00 
 
 1.127230 
9.571041e-01 
 
 2.373141 
5.803824e-01 
 
 1.787858 
3.075100e-01 
 
 0.200472 
2.348540e-01 
 
 0.050886 
1.429453e+00 
 
 0.698862 
3.436977e-01 
 
 0.860744 
2.906091e+00 
 
 1.517140 
3.840955e-01 
 
 0.545516 
6.203023e-02 
 
 1.647480 
4.337398e-01 
 
 1.144790 
4.406674e-01 
 
 0.682733 
1.161195e+00 
 
 0.132901 
1.711439e-01 
 
 0.658021 
1.365612e+00 
 
 0.323203 
5.529706e-01 
 
 2.395479 
2.145420e+00 
 
 0.369691 
9.982346e-02 
 
 2.784757 
1.972560e+00 
 
 1.229911 
1.364419e+00 
 
 1.141217 
6.547325e-01 
 
 0.770415 
2.559446e+00 
 
 0.717867 
4.727293e-01 
 
 0.781468 
5.648807e-01 
 
 0.831095 
6.428950e-01 
 
 0.627679 
7.109144e-01 
 
 0.611663 
8.904522e-01 
 
 0.558503 
7.364053e-01 
 
 0.518974 
6.090570e-01 
 
 0.634537 
7.241772e-01 
 
 0.564790 
6.557529e-01 
 
 0.629973 
9.023177e-01 
 
 0.766580 
8.287124e-01 
 
 0.566865 
4.616065e-01 
 
 0.737140 
7.383200e-01 
 
 0.524995 
7.976783e-01 
 
 0.519069 
5.791394e-01 
 
 0.780009 
7.068613e-01 
 
 0.581676 
5.569815e-01 
 
 0.660841 
6.159028e-01 
 
 0.604129 
5.675505e-01 
 
 0.914729 
8.134972e-01 
 
 0.676547 
5.204111e-01 
 
 0.923114 
9.184839e-01 
 
 0.723267 
7.530957e-01 
 
 0.633696 
5.991281e-01 
 
 0.872720 
9.239041e-01 
 
 0.531159 
5.922164e-01 
 
 0.592905 
3.824790e-01 
 
 0.629561 
8.428412e-01 
 
 0.652876 
6.925151e-01 
 
 0.815115 
7.014973e-01 
 
 0.863007 
6.109895e-02 
 
 0.543772 
9.221252e-01 
 
 0.823190 
6.267454e-01 
 
 0.903346 
8.374299e-01 
 
 0.685742 
5.859918e-01 
 
 0.657030 
9.793699e-01 
 
 0.853016 
5.729910e-01 
 
 0.542064 
9.394895e-01 
 
 0.418997 
5.858105e-01 
 
 0.837501 
5.697788e-01 
 
 0.714432 
6.562817e-01 
 
 0.693602 
9.909249e-01 
 
 0.555567 
4.351385e-01 
 
 0.547732 
7.808611e-01 
 
 0.692591 
5.486458e-01 
 
 0.572649 
8.811669e-01 
 
 0.934328 
5.262167e-01 
 
 0.742251 
5.775592e-01 
 
 0.643444 
5.721516e-01 
 
 0.623229 
7.582743e-01 
 
 0.602684 
9.475489e-01 
 
 0.514530 
5.691261e-01 
 
 0.907398 
8.080468e-01 
 
 0.510118 
5.594190e-01 
 
 0.590077 
8.522525e-01 
 
 0.724739 
5.983950e-01 
 
 0.767423 
5.391179e-01 
 
 0.691598 
5.336395e-01 
 
 0.960262 
9.879983e-01 
 
 0.995560 
7.160460e-01 
 
 0.642220 
8.799865e-01 
 
 0.708971 
9.089085e-01 
 
 0.830478 
3.151341e-01 
 
 0.690197 
8.892097e-01 
 
 0.476364 
8.390150e-01 
 
 0.831176 
9.328564e-01 
 
 0.628606 
7.642487e-01 
 
 0.970924 
7.602200e-01 
 
 0.815045 
6.299076e-01 
 
 0.573439 
7.091440e-01 
 
 0.487521 
7.267015e-01 
 
 0.757125 
5.717949e-01 
 
 0.675148 
5.691490e-01 
 
 0.656279 
5.786484e-01 
 
 0.866639 
9.919102e-01 
 
 0.512520 
8.390853e-01 
 
 0.647411 
9.946609e-01 
 
 0.542937 
6.431490e-01 
 
 0.711370 
7.540721e-01 
 
 0.502355 
9.367515e-01 
 
 0.645520 
5.335964e-01 
 
 0.572521 
7.730050e-01 
 
 0.912710 
6.453888e-01 
 
 0.788351 
8.722589e-01 
 
 0.590333 
9.241879e-01 
 
 0.721483 
9.676965e-01 
 
 0.686995 
6.237969e-01 
 
 0.916821 
4.594901e-01 
 
 0.588605 
8.524838e-01 
 
 0.652344 
8.789007e-01 
 
 0.607797 
7.336104e-01 
 
 0.607658 
9.202202e-01 
 
 0.564594 
7.234272e-01 
 
 0.555341 
1.504984e-01 
 
 0.585660 
9.423839e-01 
 
 0.593771 
6.951023e-01 
 
 0.602695 
5.717008e-01 
 
 0.660089 
6.725003e-01 
 
 0.772488 
6.258997e-01 
 
 0.652549 
8.276049e-01 
 
 0 
 
 7.777686 
2.087328e+00 
 
 3.012594 
2.010669e+00 
 
 3.168580 
7.227309e+00 
 
 2.131873 
2.753878e+00 
 
 0.592040 
1.537671e+00 
 
 0.135502 
3.436004e-01 
 
 0 
 
 3.190541 
8.402790e+00 
 
 2.619725 
7.222988e+00 
 
 3.281524 
5.931632e+00 
 
 2.807660 
4.912659e-01 
 
 2.320980 
1.843451e+00 
 
 0.541600 
2.027350e-01 
 
 