0.991305 
0.985086 
0.973622 
0.926548 
0.905639 
0.927136 
0.912605 
0.948814 
0.961279 
0.990564 
0.980563 
1.001979 
0.971243 
0.967685 
0.986922 
0.975898 
1.017548 
1.078801 
1.058859 
1.092620 
1.087828 
1.043339 
1.011349 
1.035320 
0.992059 
1.031167 
0.988855 
1.055070 
1.038302 
1.004202 
0.981201 
1.003360 
0.996407 
1.008513 
1.039667 
1.013029 
1.083123 
1.062007 
1.074058 
1.091742 
7.712351 
7.758776 
7.755880 
7.784308 
7.832554 
7.843364 
7.822386 
7.780908 
7.769905 
7.751652 
7.737207 
7.775527 
7.740074 
7.763484 
7.742807 
7.687964 
7.677198 
7.676122 
7.682132 
7.679852 
7.670669 
7.718187 
7.698884 
7.712867 
7.740805 
7.776349 
7.738398 
7.741682 
7.799797 
7.753006 
7.685951 
7.718254 
7.689298 
7.714452 
7.677661 
7.649534 
7.659103 
7.681210 
7.678376 
7.646674 
0.616457 
0.617824 
0.617534 
0.618209 
0.616319 
0.612219 
0.616761 
0.614902 
0.614214 
0.617293 
0.614100 
0.614309 
0.616905 
0.613213 
0.605636 
0.608468 
0.606673 
0.606858 
0.607238 
0.605770 
0.600965 
0.604180 
0.602146 
0.601431 
0.594938 
0.595715 
0.592753 
0.593798 
0.594100 
0.595608 
0.597871 
0.598579 
0.600751 
0.597629 
0.594501 
0.595774 
0.597373 
0.599212 
0.601228 
0.599827 
