0.986262 
1.089563 
0.920276 
1.019391 
1.042212 
1.031470 
1.055154 
0.921216 
1.081813 
0.976675 
1.022811 
0.914708 
1.042490 
1.047072 
0.884896 
0.805887 
1.076691 
0.808727 
0.790496 
0.948570 
1.066825 
0.984980 
1.056287 
0.760562 
0.935911 
0.867381 
0.707513 
0.935526 
0.959867 
0.726430 
0.762720 
0.955445 
0.743402 
0.734783 
0.721567 
0.721826 
0.714368 
0.943714 
0.705488 
0.729785 
1.063728 
0.730846 
0.997640 
0.977158 
0.702525 
1.074756 
1.039875 
1.030443 
0.981092 
0.994500 
0.998064 
0.965530 
1.012143 
0.981375 
0.987002 
0.945181 
0.974490 
0.967397 
0.959892 
0.932526 
0.968257 
0.973091 
0.992127 
1.056540 
0.976387 
0.910495 
0.989536 
1.018293 
1.038291 
0.986046 
0.931849 
0.962940 
1.055521 
0.993227 
0.992134 
1.026523 
1.003249 
0.713397 
0.891246 
0.992389 
0.771695 
0.751455 
0.938846 
0.734665 
0.901793 
0.881258 
0.882029 
0.948883 
0.727779 
0.968607 
0.922621 
0.854384 
0.734500 
0.881087 
0.725184 
0.739141 
0.950766 
0.881612 
7.875695 
7.539870 
7.582513 
7.548944 
7.563128 
7.539025 
7.532489 
7.551917 
7.522175 
7.846876 
7.534613 
7.879937 
7.533243 
7.500688 
7.887484 
7.785313 
7.533041 
7.574463 
7.556310 
7.585763 
7.550929 
7.555488 
7.543940 
7.541984 
7.554975 
7.890916 
7.547177 
7.577124 
7.578239 
7.563344 
7.765201 
7.542994 
7.777823 
7.816497 
7.576394 
7.865656 
7.897866 
7.546635 
7.540426 
7.891275 
7.545435 
7.884113 
7.898524 
7.572610 
7.544376 
7.538651 
7.871707 
7.851284 
7.542736 
7.885688 
7.519137 
7.566488 
7.553718 
7.837826 
7.850047 
7.835228 
7.516305 
7.550472 
7.583372 
7.631447 
7.574566 
7.567629 
7.533981 
7.529993 
7.663884 
7.639634 
7.539760 
7.528469 
7.519366 
7.769894 
7.536902 
7.590818 
7.524994 
7.590726 
7.609748 
7.624778 
7.627299 
7.622768 
7.545031 
7.682946 
7.792355 
7.792233 
7.679259 
7.789464 
7.861810 
7.561835 
7.576935 
7.686569 
7.589018 
7.714470 
7.836554 
7.858946 
7.551804 
7.871708 
7.524356 
7.526701 
7.702329 
7.595677 
0.576390 
0.716468 
0.711059 
0.720469 
0.709699 
0.710417 
0.707153 
0.716583 
0.718290 
0.571866 
0.732708 
0.584617 
0.737554 
0.727127 
0.592644 
0.729833 
0.714298 
0.776339 
0.770837 
0.733079 
0.736267 
0.729524 
0.732252 
0.766715 
0.743693 
0.590622 
0.775197 
0.754705 
0.752696 
0.777713 
0.733853 
0.751114 
0.728728 
0.730287 
0.776111 
0.731562 
0.733834 
0.739128 
0.767037 
0.722987 
0.716500 
0.709932 
0.586163 
0.737666 
0.779055 
0.712410 
0.564963 
0.569694 
0.737348 
0.567552 
0.695773 
0.751767 
0.702263 
0.577447 
0.578282 
0.567162 
0.710611 
0.702985 
0.765342 
0.756218 
0.687302 
0.705311 
0.678034 
0.675041 
0.739630 
0.739029 
0.699377 
0.672667 
0.669462 
0.652645 
0.696754 
0.745135 
0.667728 
0.744070 
0.736527 
0.757101 
0.763888 
0.753655 
0.697813 
0.743143 
0.720923 
0.703945 
0.769636 
0.696967 
0.564756 
0.687675 
0.706193 
0.757301 
0.744501 
0.748281 
0.563955 
0.575624 
0.765080 
0.576917 
0.764247 
0.748995 
0.762410 
0.690988 
