0 2.140526 
2.402778e+00 2.402778 
2.402778e+00 2.402778 
2.402778e+00 2.402778 
2.402778e+00 2.402778 
2.402778e+00 2.402778 
2.402778e+00 2.402778 
2.402778e+00 2.402778 
2.402778e+00 2.402778 
2.402778e+00 2.402778 
2.402778e+00 2.402778 
2.402778e+00 2.402778 
2.402778e+00 2.402778 
2.402778e+00 2.402778 
2.402778e+00 2.402778 
2.402778e+00 2.402778 
2.402778e+00 2.402778 
2.402778e+00 2.402778 
2.402778e+00 2.402778 
2.402778e+00 2.402778 
2.402778e+00 2.402778 
2.402778e+00 2.402778 
2.402778e+00 2.402778 
2.402778e+00 2.402778 
2.402778e+00 2.402778 
2.402778e+00 2.402778 
2.402778e+00 2.402778 
2.402778e+00 2.402778 
2.402778e+00 2.402778 
2.402778e+00 2.402778 
2.402778e+00 2.402778 
2.402778e+00 2.402778 
2.402778e+00 2.402778 
2.402778e+00 2.402778 
2.402778e+00 2.402778 
2.402778e+00 2.402778 
2.402778e+00 2.402778 
2.402778e+00 2.402778 
2.402778e+00 2.402778 
2.402778e+00 2.402778 
2.402778e+00 2.402778 
2.402778e+00 2.402778 
2.402778e+00 2.402778 
2.402778e+00 2.402778 
2.402778e+00 2.402778 
2.402778e+00 2.402778 
2.402778e+00 2.402778 
2.402778e+00 2.402778 
2.402778e+00 2.402778 
2.402778e+00 2.402778 
2.402778e+00 2.402778 
2.402778e+00 2.402778 
2.402778e+00 2.402778 
2.402778e+00 2.402778 
2.402778e+00 2.402778 
2.402778e+00 2.402778 
2.402778e+00 2.402778 
2.402778e+00 2.402778 
2.402778e+00 2.402778 
2.402778e+00 2.402778 
2.402778e+00 2.402778 
2.402778e+00 2.402778 
2.402778e+00 2.402778 
2.402778e+00 2.402778 
2.402778e+00 2.402778 
2.402778e+00 2.402778 
2.402778e+00 2.402778 
2.402778e+00 2.402778 
2.402778e+00 1.895366 
1.375690e+00 1.375690 
1.375690e+00 1.375690 
1.375690e+00 1.375690 
1.375690e+00 1.375690 
1.375690e+00 1.375690 
1.375690e+00 1.375690 
1.375690e+00 1.375690 
1.375690e+00 1.375690 
1.375690e+00 1.375690 
1.375690e+00 1.375690 
1.375690e+00 1.375690 
1.375690e+00 1.375690 
1.375690e+00 1.375690 
1.375690e+00 1.375690 
1.375690e+00 1.375690 
1.375690e+00 1.375690 
1.375690e+00 1.375690 
1.375690e+00 1.375690 
1.375690e+00 1.375690 
1.375690e+00 1.375690 
1.375690e+00 1.375690 
1.375690e+00 1.375690 
1.375690e+00 1.375690 
1.375690e+00 1.375690 
1.375690e+00 1.375690 
1.375690e+00 1.375690 
1.375690e+00 1.375690 
1.375690e+00 1.375690 
1.375690e+00 1.375690 
1.375690e+00 1.375690 
1.375690e+00 1.375690 
1.375690e+00 1.375690 
1.375690e+00 1.375690 
1.375690e+00 1.375690 
1.375690e+00 1.375690 
1.375690e+00 1.375690 
1.375690e+00 1.375690 
1.375690e+00 1.375690 
1.375690e+00 1.375690 
1.375690e+00 1.375690 
1.375690e+00 1.375690 
1.375690e+00 1.375690 
1.375690e+00 1.375690 
1.375690e+00 1.375690 
1.375690e+00 1.375690 
1.375690e+00 1.375690 
1.375690e+00 1.375690 
1.375690e+00 1.375690 
1.375690e+00 1.375690 
1.375690e+00 1.375690 
1.375690e+00 1.375690 
1.375690e+00 1.375690 
1.375690e+00 1.375690 
1.375690e+00 1.375690 
1.375690e+00 1.375690 
1.375690e+00 1.375690 
1.375690e+00 1.375690 
1.375690e+00 1.375690 
1.375690e+00 1.375690 
1.375690e+00 1.375690 
1.375690e+00 1.375690 
1.375690e+00 1.375690 
1.375690e+00 1.375690 
1.375690e+00 1.375690 
1.375690e+00 1.375690 
1.375690e+00 1.375690 
1.375690e+00 1.375690 
1.375690e+00 3.637641 
3.323343e+00 3.323343 
3.323343e+00 3.323343 
3.323343e+00 3.323343 
3.323343e+00 3.323343 
3.323343e+00 3.323343 
3.323343e+00 3.323343 
3.323343e+00 3.323343 
3.323343e+00 3.323343 
3.323343e+00 3.323343 
3.323343e+00 3.323343 
3.323343e+00 3.323343 
3.323343e+00 3.323343 
3.323343e+00 3.323343 
3.323343e+00 3.323343 
3.323343e+00 3.323343 
3.323343e+00 3.323343 
3.323343e+00 3.323343 
3.323343e+00 3.323343 
3.323343e+00 3.323343 
3.323343e+00 3.323343 
3.323343e+00 3.323343 
3.323343e+00 3.323343 
3.323343e+00 3.323343 
3.323343e+00 3.323343 
3.323343e+00 3.323343 
3.323343e+00 3.323343 
3.323343e+00 3.323343 
3.323343e+00 3.323343 
3.323343e+00 3.323343 
3.323343e+00 3.323343 
3.323343e+00 3.323343 
3.323343e+00 3.323343 
3.323343e+00 3.323343 
3.323343e+00 3.323343 
3.323343e+00 3.323343 
3.323343e+00 3.323343 
3.323343e+00 3.323343 
3.323343e+00 3.323343 
3.323343e+00 3.323343 
3.323343e+00 3.323343 
3.323343e+00 3.323343 
3.323343e+00 3.323343 
3.323343e+00 3.323343 
3.323343e+00 3.323343 
3.323343e+00 3.323343 
3.323343e+00 3.323343 
3.323343e+00 3.323343 
3.323343e+00 3.323343 
3.323343e+00 3.323343 
3.323343e+00 3.323343 
3.323343e+00 3.323343 
3.323343e+00 3.323343 
3.323343e+00 3.323343 
3.323343e+00 3.323343 
3.323343e+00 3.323343 
3.323343e+00 3.323343 
3.323343e+00 3.323343 
3.323343e+00 3.323343 
3.323343e+00 3.323343 
3.323343e+00 3.323343 
3.323343e+00 3.323343 
3.323343e+00 3.323343 
3.323343e+00 3.323343 
3.323343e+00 3.323343 
3.323343e+00 3.323343 
3.323343e+00 3.323343 
3.323343e+00 3.323343 
3.323343e+00 2.644869 
2.461110e+00 2.461110 
2.461110e+00 2.461110 
2.461110e+00 2.461110 
2.461110e+00 2.461110 
2.461110e+00 2.461110 
2.461110e+00 2.461110 
2.461110e+00 2.461110 
2.461110e+00 2.461110 
2.461110e+00 2.461110 
2.461110e+00 2.461110 
2.461110e+00 2.461110 
2.461110e+00 2.461110 
2.461110e+00 2.461110 
2.461110e+00 2.461110 
2.461110e+00 2.461110 
2.461110e+00 2.461110 
2.461110e+00 2.461110 
2.461110e+00 2.461110 
2.461110e+00 2.461110 
2.461110e+00 2.461110 
2.461110e+00 2.461110 
2.461110e+00 2.461110 
2.461110e+00 2.461110 
2.461110e+00 2.461110 
2.461110e+00 2.461110 
2.461110e+00 2.461110 
2.461110e+00 2.461110 
2.461110e+00 2.461110 
2.461110e+00 2.461110 
2.461110e+00 2.461110 
2.461110e+00 2.461110 
2.461110e+00 2.461110 
2.461110e+00 2.461110 
2.461110e+00 2.461110 
2.461110e+00 2.461110 
2.461110e+00 2.461110 
2.461110e+00 2.461110 
2.461110e+00 2.461110 
2.461110e+00 2.461110 
2.461110e+00 2.461110 
2.461110e+00 2.461110 
2.461110e+00 2.461110 
2.461110e+00 2.461110 
2.461110e+00 2.461110 
2.461110e+00 2.461110 
2.461110e+00 2.461110 
2.461110e+00 2.461110 
2.461110e+00 2.461110 
2.461110e+00 2.461110 
2.461110e+00 2.461110 
2.461110e+00 2.461110 
2.461110e+00 2.461110 
2.461110e+00 2.461110 
2.461110e+00 2.461110 
2.461110e+00 2.461110 
2.461110e+00 2.461110 
2.461110e+00 2.461110 
2.461110e+00 2.461110 
2.461110e+00 2.461110 
2.461110e+00 2.461110 
2.461110e+00 2.461110 
2.461110e+00 2.461110 
2.461110e+00 2.461110 
2.461110e+00 2.461110 
2.461110e+00 2.461110 
2.461110e+00 2.461110 
2.461110e+00 2.461110 
2.461110e+00 1.390457 
1.044980e+00 1.044980 
1.044980e+00 1.044980 
1.044980e+00 1.044980 
1.044980e+00 1.044980 
1.044980e+00 1.044980 
1.044980e+00 1.044980 
1.044980e+00 1.044980 
1.044980e+00 1.044980 
1.044980e+00 1.044980 
1.044980e+00 1.044980 
1.044980e+00 1.044980 
1.044980e+00 1.044980 
1.044980e+00 1.044980 
1.044980e+00 1.044980 
1.044980e+00 1.044980 
1.044980e+00 1.044980 
1.044980e+00 1.044980 
1.044980e+00 1.044980 
1.044980e+00 1.044980 
1.044980e+00 1.044980 
1.044980e+00 1.044980 
1.044980e+00 1.044980 
1.044980e+00 1.044980 
1.044980e+00 1.044980 
1.044980e+00 1.044980 
1.044980e+00 1.044980 
1.044980e+00 1.044980 
1.044980e+00 1.044980 
1.044980e+00 1.044980 
1.044980e+00 1.044980 
1.044980e+00 1.044980 
1.044980e+00 1.044980 
1.044980e+00 1.044980 
1.044980e+00 1.044980 
1.044980e+00 1.044980 
1.044980e+00 1.044980 
1.044980e+00 1.044980 
1.044980e+00 1.044980 
1.044980e+00 1.044980 
1.044980e+00 1.044980 
1.044980e+00 1.044980 
1.044980e+00 1.044980 
1.044980e+00 1.044980 
1.044980e+00 1.044980 
1.044980e+00 1.044980 
1.044980e+00 1.044980 
1.044980e+00 1.044980 
1.044980e+00 1.044980 
1.044980e+00 1.044980 
1.044980e+00 1.044980 
1.044980e+00 1.044980 
1.044980e+00 1.044980 
1.044980e+00 1.044980 
1.044980e+00 1.044980 
1.044980e+00 1.044980 
1.044980e+00 1.044980 
1.044980e+00 1.044980 
1.044980e+00 1.044980 
1.044980e+00 1.044980 
1.044980e+00 1.044980 
1.044980e+00 1.044980 
1.044980e+00 1.044980 
1.044980e+00 1.044980 
1.044980e+00 1.044980 
1.044980e+00 1.044980 
1.044980e+00 1.044980 
1.044980e+00 1.044980 
1.044980e+00 0.629412 
6.577606e-01 0.657761 
6.577606e-01 0.657761 
6.577606e-01 0.657761 
6.577606e-01 0.657761 
6.577606e-01 0.657761 
6.577606e-01 0.657761 
6.577606e-01 0.657761 
6.577606e-01 0.657761 
6.577606e-01 0.657761 
6.577606e-01 0.657761 
6.577606e-01 0.657761 
6.577606e-01 0.657761 
6.577606e-01 0.657761 
6.577606e-01 0.657761 
6.577606e-01 0.657761 
6.577606e-01 0.657761 
6.577606e-01 0.657761 
6.577606e-01 0.657761 
6.577606e-01 0.657761 
6.577606e-01 0.657761 
6.577606e-01 0.657761 
6.577606e-01 0.657761 
6.577606e-01 0.657761 
6.577606e-01 0.657761 
6.577606e-01 0.657761 
6.577606e-01 0.657761 
6.577606e-01 0.657761 
6.577606e-01 0.657761 
6.577606e-01 0.657761 
6.577606e-01 0.657761 
6.577606e-01 0.657761 
6.577606e-01 0.657761 
6.577606e-01 0.657761 
6.577606e-01 0.657761 
6.577606e-01 0.657761 
6.577606e-01 0.657761 
6.577606e-01 0.657761 
6.577606e-01 0.657761 
6.577606e-01 0.657761 
6.577606e-01 0.657761 
6.577606e-01 0.657761 
6.577606e-01 0.657761 
6.577606e-01 0.657761 
6.577606e-01 0.657761 
6.577606e-01 0.657761 
6.577606e-01 0.657761 
6.577606e-01 0.657761 
6.577606e-01 0.657761 
6.577606e-01 0.657761 
6.577606e-01 0.657761 
6.577606e-01 0.657761 
6.577606e-01 0.657761 
6.577606e-01 0.657761 
6.577606e-01 0.657761 
6.577606e-01 0.657761 
6.577606e-01 0.657761 
6.577606e-01 0.657761 
6.577606e-01 0.657761 
6.577606e-01 0.657761 
6.577606e-01 0.657761 
6.577606e-01 0.657761 
6.577606e-01 0.657761 
6.577606e-01 0.657761 
6.577606e-01 0.657761 
6.577606e-01 0.657761 
6.577606e-01 0.657761 
6.577606e-01 0.657761 
6.577606e-01 