0.971201 
0.973709 
0.975035 
0.974909 
0.968293 
0.968293 
0.968293 
0.968293 
0.968293 
0.968293 
0.968293 
0.968293 
0.968293 
0.968293 
0.968293 
0.968293 
0.968293 
0.968293 
0.968293 
0.968293 
0.968293 
0.974348 
0.974347 
0.974349 
0.974349 
0.974346 
0.974351 
0.974351 
0.974348 
0.974344 
0.974344 
0.974344 
0.974344 
0.974344 
0.519334 
0.516470 
0.516023 
0.516425 
0.516540 
0.516540 
0.516540 
0.516540 
0.516540 
0.516540 
0.516540 
0.516540 
0.516540 
0.516540 
0.516540 
0.516540 
0.516540 
0.516540 
0.516540 
0.516540 
0.516540 
0.514203 
0.514203 
0.514203 
0.514203 
0.514203 
0.514203 
0.514203 
0.514203 
0.514203 
0.514203 
0.514203 
0.514203 
0.514203 
0.603324 
0.603370 
0.603316 
0.603298 
0.603289 
0.603289 
0.603289 
0.603289 
0.603289 
0.603289 
0.603289 
0.603289 
0.603289 
0.603289 
0.603289 
0.603289 
0.603289 
0.603289 
0.603289 
0.603289 
0.603289 
0.603383 
0.603383 
0.603383 
0.603383 
0.603383 
0.603383 
0.603383 
0.603383 
0.603383 
0.603383 
0.603383 
0.603383 
0.603383 
