0 
 
 4.129270 
3.780999e+00 
 
 3.716572 
2.499014e+00 
 
 5.613335 
9.697215e-01 
 
 2.593507 
1.728940e+00 
 
 1.050965 
2.061742e+00 
 
 1.569439 
2.809297e+00 
 
 1.796289 
2.921015e+00 
 
 1.991242 
1.876633e+00 
 
 0.798891 
2.616148e+00 
 
 0.481118 
1.270984e+00 
 
 0.648486 
8.194414e-01 
 
 0.849000 
7.652874e-01 
 
 0.732107 
6.798437e-01 
 
 0.683874 
6.311386e-01 
 
 0.610919 
6.678788e-01 
 
 0 
 
 4.129270 
3.780999e+00 
 
 3.716572 
2.499014e+00 
 
 5.613335 
9.697215e-01 
 
 2.593507 
1.728940e+00 
 
 1.050965 
2.061742e+00 
 
 1.569439 
2.809297e+00 
 
 1.796289 
2.921015e+00 
 
 1.991242 
1.876633e+00 
 
 0.798891 
2.616148e+00 
 
 0.481118 
1.270984e+00 
 
 0.648486 
8.194414e-01 
 
 0.849000 
7.652874e-01 
 
 0.732107 
6.798437e-01 
 
 0.683874 
6.311386e-01 
 
 0.610919 
6.678788e-01 
 
 0 
 
 2.555230 
6.112123e+00 
 
 9.776742 
5.646913e-01 
 
 4.848914 
8.838211e-01 
 
 6.730620 
1.128160e+00 
 
 0.043546 
1.515873e+00 
 
 1.370102 
1.348424e+00 
 
 3.930708 
9.702130e+00 
 
 0.255936 
5.014019e+00 
 
 1.573355 
8.108977e+00 
 
 4.711970 
2.509307e+00 
 
 3.391280 
6.916093e+00 
 
 2.020850 
7.398080e+00 
 
 0.198696 
2.218404e+00 
 
 7.934516 
4.815116e+00 
 
 9.369246 
1.974021e+00 
 
 1.145279 
2.879220e+00 
 
 2.116818 
1.090672e+00 
 
 1.811930 
1.809063e+00 
 
 1.633414 
3.144196e-01 
 
 0.174804 
1.275265e+00 
 
 0.096047 
4.969261e-01 
 
 0.223631 
2.075718e+00 
 
 0.626072 
2.208633e+00 
 
 0.319183 
1.261130e+00 
 
 0.707360 
9.539595e-01 
 
 0.717867 
7.814683e-01 
 
 0.564881 
8.310954e-01 
 
 0.642895 
6.276795e-01 
 
 0.710914 
5.585033e-01 
 
 0.736405 
6.090570e-01 
 
 0 
 
 2.555230 
7.243593e-01 
 
 6.112123 
9.776742e+00 
 
 0.564691 
5.052107e+00 
 
 4.848914 
8.838211e-01 
 
 6.730620 
4.376540e+00 
 
 1.491775 
1.128160e+00 
 
 0.043546 
7.466481e+00 
 
 0.060842 
1.515873e+00 
 
 0.452009 
3.711999e+00 
 
 1.544981 
1.930553e+00 
 
 2.052076 
3.569370e+00 
 
 2.719364 
6.460879e+00 
 
 3.411935 
5.818026e-01 
 
 6.017261 
6.034250e+00 
 
 3.564213 
2.761438e+00 
 
 2.107835 
1.622716e+00 
 
 4.558494 
2.061297e+00 
 
 8.581056 
9.489077e+00 
 
 3.695362 
5.948164e+00 
 
 0.967317 
5.238429e+00 
 
 8.427652 
6.480660e+00 
 
 9.699963 
1.150136e+00 
 
 4.269500 
1.564145e+00 
 
 6.923451 
1.546163e+00 
 
 2.309855 
3.825368e+00 
 
 4.822434 
5.247755e-02 
 
 1.251536 
1.594465e+00 
 
 2.405323 
8.867580e+00 
 
 3.313883 
8.958166e+00 
 
 3.641887 
7.190875e+00 
 
 1.062804 
2.923945e+00 
 
 0.748471 
3.108420e+00 
 
 0.224737 
2.570518e+00 
 
 4.121468 
6.644481e+00 
 
 0.323754 
2.314379e+00 
 
 3.992190 
1.806319e-01 
 
 1.464411 
9.283354e+00 
 
 0.645003 
1.847662e+00 
 
 3.794941 
3.476244e+00 
 
 2.357572 
8.931506e-01 
 
 5.725739 
4.525578e+00 
 
 8.019662 
2.462476e+00 
 
 1.451117 
3.638055e+00 
 
 0.003553 
3.565673e+00 
 
 0.249088 
1.702582e+00 
 
 3.321375 
5.322410e-01 
 
 5.689708 
5.134496e-01 
 
 0.705192 
4.757579e+00 
 
 1.444881 
8.215089e+00 
 
 7.901372 
1.784859e+00 
 
 4.626374 
3.419146e+00 
 
 1.470896 
8.798881e-01 
 
 6.097164 
2.611189e+00 
 
 9.491727 
2.226577e+00 
 
 0.472597 
1.995068e+00 
 
 1.586742 
8.285779e+00 
 
 2.554289 
9.084023e-01 
 
 6.635265 
1.989732e+00 
 
 2.902665 
3.109234e+00 
 
 0.368046 
3.943622e-01 
 
 1.231528 
2.031358e+00 
 
 4.828595 
2.542140e+00 
 
 5.412996 
2.012752e+00 
 
 5.014195 
1.257201e+00 
 
 2.181983 
3.462628e-01 
 
 5.478625 
5.566180e+00 
 
 3.242432 
1.184936e+00 
 
 0.054146 
8.664411e-01 
 
 4.941230 
4.593878e+00 
 
 7.312089 
9.344271e-01 
 
 4.961831 
5.280576e-01 
 
 2.491487 
1.025564e+00 
 
 8.074962 
1.249581e+00 
 
 1.946678 
2.940230e+00 
 
 1.866091 
2.778508e+00 
 
 1.812046 
1.501941e+00 
 
 9.250954 
6.978113e+00 
 
 3.252410 
2.571577e+00 
 
 1.757659 
1.076848e+00 
 
 1.565575 
9.661776e+00 
 
 0.616157 
1.345404e+00 
 
 6.107796 
9.876688e+00 
 
 1.465822 
3.239604e+00 
 
 5.289282 
2.411827e+00 
 
 7.220424 
1.910841e-01 
 
 1.115099 
5.225408e+00 
 
 1.853660 
3.339783e+00 
 
 9.455690 
4.690754e+00 
 
 1.803765 
4.395746e+00 
 
 0.025006 
2.916230e+00 
 
 4.348880 
7.150687e+00 
 
 6.717033 
6.729523e-01 
 
 6.326465 
8.591336e-01 
 
 6.865192 
4.484265e-01 
 
 0.328860 
9.794219e-01 
 
 1.016900 
4.738123e+00 
 
 5.220399 
5.645447e-01 
 
 3.934848 
7.073234e+00 
 
 4.960602 
1.251988e+00 
 
 1.688467 
2.253501e+00 
 
 9.452084 
8.518911e-01 
 
 6.199082 
4.339077e+00 
 
 2.923834 
9.089861e+00 
 
 3.263089 
1.177500e+00 
 
 3.144838 
8.405256e-01 
 
 1.011624 
2.096015e+00 
 
 0.557784 
4.639828e+00 
 
 9.830552 
1.484898e+00 
 
 2.208607 
1.315583e+00 
 
 1.120159 
1.787349e+00 
 
 2.861312 
9.931093e-01 
 
 5.840352 
3.002517e-01 
 
 2.265046 
3.393935e+00 
 
 2.975836 
5.160302e+00 
 
 3.778775 
5.420900e+00 
 
 3.965597 
3.874304e+00 
 
 0.016692 
3.205888e+00 
 
 3.257268 
3.983495e+00 
 
 2.563139 
4.836217e+00 
 
 1.823992 
1.490886e+00 
 
 0.263738 
2.039649e+00 
 
 5.534972 
3.347617e+00 
 
 3.254675 
7.156607e-01 
 
 0.926765 
3.262221e+00 
 
 5.034954 
4.742706e+00 
 
 1.370102 
8.250790e+00 
 
 1.348424 
3.930708e+00 
 
 9.702130 
1.656469e+00 
 
 0.255936 
5.014019e+00 
 
 1.573355 
3.673313e+00 
 
 3.709415 
8.108977e+00 
 
 4.711970 
5.007621e+00 
 
 9.347697 
2.509307e+00 
 
 0.105985 
5.692954e+00 
 
 2.715931 
3.619687e+00 
 
 5.386956 
4.212040e+00 
 
 6.533167 
1.039538e+00 
 
 0.724758 
2.610584e+00 
 
 9.520321 
2.383795e+00 
 
 4.032986 
5.424948e-01 
 
 0.861723 
6.895048e+00 
 
 2.169915 
1.675826e-01 
 
 0.617476 
8.591231e+00 
 
 5.586408 
2.365822e+00 
 
 6.662104 
3.311920e-01 
 
 2.779929 
4.773171e+00 
 
 0.720531 
3.270553e+00 
 
 1.954899 
4.864927e+00 
 
 6.125968 
3.521971e+00 
 
 1.766565 
2.999035e+00 
 
 3.770689 
2.922054e+00 
 
 5.055040 
8.680758e+00 
 
 8.302876 
7.876221e-02 
 
 3.916199 
1.845666e+00 
 
 1.525452 
2.659913e+00 
 
 1.382137 
9.326145e-01 
 
 4.137347 
3.382504e+00 
 
 6.668630 
1.277746e+00 
 
 1.111763 
3.497807e+00 
 
 1.751135 
7.618369e+00 
 
 2.637799 
6.681658e+00 
 
 0.058546 
2.341466e+00 
 
 1.526752 
8.872103e+00 
 
 1.459946 
1.987032e-01 
 
 2.843951 
5.766719e+00 
 
 0.383944 
7.039337e+00 
 
 0.142131 
2.653848e+00 
 
 2.314941 
1.327624e+00 
 
 7.122733 
8.946148e+00 
 
 9.975749 
4.748609e+00 
 
 4.329327 
5.720377e+00 
 
 0.603315 
5.978161e+00 
 
 7.815215 
1.619068e+00 
 
 1.274088 
5.926649e+00 
 
 2.407182 
7.222880e+00 
 
 2.336870 
1.103263e+00 
 
 2.407359 
4.767852e+00 
 
 0.987762 
6.836928e+00 
 
 0.632162 
9.377047e+00 
 
 2.320572 
8.280414e+00 
 
 4.582787 
3.263520e+00 
 
 6.172948 
6.735105e+00 
 
 1.765193 
5.838712e+00 
 
 2.551815 
2.866913e+00 
 
 1.344960 
4.868475e+00 
 
 6.067065 
2.975276e+00 
 
 1.526371 
3.029015e+00 
 
 2.064138 
1.269129e+00 
 
 1.813014 
9.527815e-01 
 
 5.460093 
2.498851e+00 
 
 3.134293 
8.719898e-01 
 
 1.242112 
3.925266e+00 
 
 4.904632 
5.493781e+00 
 
 3.355425 
6.372211e-01 
 
 0.199249 
1.786683e+00 
 
 2.435776 
7.011498e+00 
 
 3.344792 
1.960735e+00 
 
 5.188179 
9.066230e+00 
 
 4.054436 
7.155846e+00 
 
 7.835417 
2.777125e+00 
 
 5.484460 
2.366455e+00 
 
 0.731097 
5.188491e+00 
 
 0.808429 
3.311249e+00 
 
 2.461969 
8.328351e+00 
 
 1.025647 
2.520521e+00 
 
 2.739555 
2.328285e-01 
 
 9.713421 
7.908048e+00 
 
 6.413950 
1.212380e-01 
 
 2.803574 
9.245941e+00 
 
 4.130774 
6.756720e+00 
 
 4.906421 
2.883728e+00 
 
 1.009196 
4.516262e-01 
 
 0.040492 
1.775496e+00 
 
 9.634332 
6.895411e-01 
 
 8.469056 
1.541310e-02 
 
 0.013734 
3.137064e+00 
 
 8.403629 
4.732548e+00 
 
 6.839298 
4.637751e-01 
 
 8.919391 
1.732327e+00 
 
 3.085781 
3.128707e+00 
 
 9.002317 
8.169990e-01 
 
 3.093508 
3.062135e+00 
 
 6.847647 
7.982438e+00 
 
 1.649371 
7.169480e+00 
 
 8.344601 
2.856186e+00 
 
 1.471500 
7.897251e+00 
 
 4.615993 
1.125523e+00 
 
 8.749170 
7.772684e+00 
 
 5.604457 
2.609555e+00 
 
 2.049672 
5.860730e+00 
 
 4.537539 
9.089095e+00 
 
 1.605029 
2.689212e-01 
 
 2.576319 
2.211322e+00 
 
 0.136695 
4.603198e+00 
 
 7.843589 
2.282098e+00 
 
 6.189738 
2.100108e+00 
 
 1.114594 
4.931343e+00 
 
 1.060501 
2.124531e-01 
 
 3.468944 
1.795085e+00 
 
 4.067122 
2.894205e+00 
 
 9.818526 
4.919734e+00 
 
 4.546520 
9.848834e+00 
 
 4.684818 
2.988415e+00 
 
 1.866402 
3.351430e-02 
 
 9.234907 
3.103988e+00 
 
 2.509222 
4.968244e+00 
 
 4.949686 
6.051890e+00 
 
 4.367547 
9.622861e+00 
 
 8.083605 
3.226126e+00 
 
 0.603994 
1.622823e+00 
 
 3.391280 
1.320230e+00 
 
 6.916093 
2.020850e+00 
 
 7.398080 
8.978339e+00 
 
 0.198696 
2.218404e+00 
 
 7.934516 
1.818596e+00 
 
 7.171386 
4.815116e+00 
 
 9.369246 
2.999330e-01 
 
 9.997694 
1.974021e+00 
 
 0.868222 
2.961919e+00 
 
 5.441259 
9.759366e+00 
 
 3.775040 
9.612056e+00 
 
 0.264671 
1.600141e+00 
 
 2.068955 
2.164401e+00 
 
 6.610698 
1.745904e+00 
 
 1.525850 
4.145055e+00 
 
 8.586805 
5.603124e+00 
 
 6.593174 
5.028651e+00 
 
 7.112889 
7.980461e+00 
 
 7.129097 
4.432568e-01 
 
 5.960245 
1.155919e+00 
 
 9.743989 
7.345934e+00 
 
 0.484017 
6.969647e+00 
 
 7.440537 
7.846804e+00 
 
 9.361428 
5.037551e+00 
 
 2.057347 
9.459718e+00 
 
 4.546624 
3.853901e+00 
 
 5.098491 
1.020891e+00 
 
 9.550031 
4.838056e+00 
 
 8.948862 
2.195005e+00 
 
 6.702510 
3.854322e-01 
 
 9.009282 
9.525672e+00 
 
 4.984167 
8.084167e+00 
 
 3.285021 
2.077768e+00 
 
 1.667509 
4.400559e+00 
 
 0.836725 
9.312115e+00 
 
 2.577789 
8.107446e+00 
 
 7.499032 
5.365192e+00 
 
 7.721546 
7.134878e+00 
 
 0.520861 
3.144978e+00 
 
 4.096086 
5.438100e+00 
 
 8.927574 
5.531452e+00 
 
 5.713308 
2.232493e+00 
 
 3.021815 
4.721900e+00 
 
 0.607224 
2.312110e+00 
 
 2.658461 
2.043970e+00 
 
 8.675337 
8.104985e+00 
 
 8.231605 
7.339770e+00 
 
 0.615828 
7.219773e+00 
 
 1.737384 
5.305639e+00 
 
 1.939919 
2.223068e+00 
 
 4.741678 
5.461598e+00 
 
 7.275663 
5.979696e+00 
 
 3.834469 
6.982076e+00 
 
 6.935327 
9.932430e+00 
 
 7.490345 
1.114934e+00 
 
 3.852242 
7.459693e+00 
 
 8.454197 
1.401126e+00 
 
 5.693672 
4.397635e+00 
 
 2.083300 
5.054084e+00 
 
 9.961387 
6.939118e+00 
 
 6.568549 
5.346155e+00 
 
 0.566962 
2.838993e+00 
 
 9.686206 
7.854479e+00 
 
 0.572354 
5.278082e+00 
 
 7.662758 
6.091418e+00 
 
 0.529025 
6.623417e+00 
 
 0.729595 
9.001372e+00 
 
 9.086145 
3.525930e-01 
 
 0.062032 
8.047926e-01 
 
 3.611612 
8.073099e+00 
 
 7.937283 
1.483767e+00 
 
 1.689240 
8.959197e+00 
 
 9.251138 
6.406114e+00 
 
 7.162939 
4.610628e+00 
 
 1.516125 
3.251797e-01 
 
 9.462259 
5.669575e+00 
 
 5.990738 
3.034457e+00 
 
 6.681284 
1.060572e+00 
 
 8.101873 
5.121150e+00 
 
 8.945594 
9.421026e+00 
 
 5.268762 
5.818223e+00 
 
 2.018235 
3.956277e+00 
 
 1.377986 
8.519592e+00 
 
 7.283479 
5.287677e+00 
 
 3.930079 
9.058448e+00 
 
 9.717961 
4.518390e+00 
 
 3.707683 
8.876903e+00 
 
 5.429643 
4.576534e+00 
 
 7.370324 
6.931098e-01 
 
 5.654489 
6.353127e+00 
 
 9.481173 
4.511463e+00 
 
 0.191280 
1.727055e+00 
 
 9.981001 
3.619745e+00 
 
 0.344510 
9.053020e+00 
 
 5.720301 
3.299209e-01 
 
 1.267510 
5.711528e+00 
 
 4.075282 
9.925253e+00 
 
 1.062076 
7.003897e+00 
 
 4.769534 
4.551632e-02 
 
 2.955401 
2.134411e-01 
 
 2.422212 
2.863039e-01 
 
 3.451394 
6.350132e+00 
 
 0.822061 
2.275365e+00 
 
 7.582429 
1.473614e+00 
 
 5.648894 
3.989613e-01 
 
 0.572687 
1.290483e+00 
 
 0.557248 
1.586020e+00 
 
 6.017400 
1.428208e+00 
 
 7.814492 
8.437336e+00 
 
 4.843254 
8.954441e+00 
 
 6.555779 
2.286766e+00 
 
 4.100544 
4.670086e+00 
 
 4.496132 
6.387949e-03 
 
 7.334855 
7.145951e+00 
 
 5.279369 
3.784277e+00 
 
 5.423698 
6.600041e+00 
 
 6.548688 
2.981783e+00 
 
 7.820976 
9.926395e+00 
 
 3.355902 
1.087619e-01 
 
 5.854992 
1.690229e+00 
 
 2.633733 
7.901860e+00 
 
 3.232644 
8.947140e+00 
 
 9.727619 
6.981967e+00 
 
 9.875053 
5.285149e+00 
 
 3.564400 
9.610867e+00 
 
 1.145279 
1.525064e+00 
 
 2.879220 
2.116818e+00 
 
 1.090672 
2.110240e+00 
 
 1.811930 
1.809063e+00 
 
 1.633414 
2.667958e+00 
 
 2.394592 
3.144196e-01 
 
 0.174804 
5.933430e-01 
 
 0.921752 
1.275265e+00 
 
 0.102174 
2.284327e+00 
 
 2.403891 
2.487543e+00 
 
 1.821440 
1.942136e+00 
 
 2.711624 
5.186357e-01 
 
 2.005400 
1.461619e+00 
 
 0.492543 
2.729552e+00 
 
 2.741561 
2.001956e+00 
 
 2.652652 
2.235067e+00 
 
 0.951421 
1.666859e+00 
 
 2.356755 
2.712403e+00 
 
 2.655277 
2.945979e+00 
 
 0.421329 
1.739218e+00 
 
 2.265194 
5.477872e-01 
 
 2.633959 
4.381402e-01 
 
 2.151272 
2.487325e+00 
 
 1.251621 
6.092680e-01 
 
 2.005379 
1.203771e+00 
 
 2.369492 
2.353314e+00 
 
 2.541541 
1.084844e+00 
 
 0.225127 
1.888339e+00 
 
 1.234829 
2.944153e+00 
 
 2.330418 
1.842473e+00 
 
 1.190461 
1.891606e+00 
 
 0.555113 
2.320047e+00 
 
 1.502754 
4.584113e-01 
 
 2.086757 
2.820057e+00 
 
 2.333480 
2.328249e+00 
 
 2.197978 
9.898093e-01 
 
 2.317118 
1.975551e+00 
 
 0.962553 
6.850841e-01 
 
 2.067007 
2.953355e+00 
 
 1.221648 
9.575778e-01 
 
 0.024865 
7.624481e-01 
 
 2.816517 
1.507244e+00 
 
 0.400268 
1.818690e+00 
 
 2.483730 
1.075819e+00 
 
 1.862227 
1.269325e+00 
 
 2.855012 
1.339171e+00 
 
 2.408788 
8.774037e-01 
 
 2.932945 
5.936541e-01 
 
 0.714276 
2.121990e-01 
 
 1.441745 
2.852672e+00 
 
 2.923040 
6.674823e-01 
 
 2.285064 
2.637762e+00 
 
 2.637076 
4.056382e-01 
 
 2.805990 
1.219282e+00 
 
 2.739517 
2.579641e-01 
 
 1.606084 
2.098961e+00 
 
 1.820999 
6.562605e-01 
 
 0.324602 
2.628330e+00 
 
 0.937466 
8.192422e-01 
 
 2.105072 
2.611961e+00 
 
 2.907292 
2.059985e+00 
 
 2.783235 
1.823677e+00 
 
 2.943864 
2.955517e+00 
 
 2.801289 
2.283499e+00 
 
 1.972166 
1.898733e+00 
 
 2.247266 
2.923192e+00 
 
 2.490172 
7.584240e-01 
 
 0.544053 
9.515949e-01 
 
 0.173291 
2.090604e-01 
 
 2.277970 
2.101397e+00 
 
 1.996110 
7.798654e-01 
 
 0.420740 
2.534138e+00 
 
 0.325480 
2.745771e+00 
 
 2.379626 
4.092717e-02 
 
 1.048124 
2.225579e+00 
 
 2.548392 
2.760979e+00 
 
 0.849895 
8.513074e-01 
 
 0.995759 
2.420273e-01 
 
 1.132999 
2.389596e+00 
 
 0.907651 
5.666783e-02 
 
 1.933925 
1.237927e+00 
 
 1.363143 
1.616287e-01 
 
 2.688463 
8.425065e-01 
 
 2.411262 
2.748030e+00 
 
 2.701655 
1.899272e-01 
 
 1.448832 
1.839814e+00 
 
 1.353822 
2.001760e+00 
 
 1.381566 
1.544279e+00 
 
 1.918614 
6.784075e-01 
 
 2.231770 
1.663484e+00 
 
 2.066582 
2.830600e+00 
 
 2.414758 
3.208609e-01 
 
 1.932430 
1.110214e+00 
 
 0.123244 
2.579728e-01 
 
 0.655008 
2.766652e+00 
 
 0.688014 
6.919186e-01 
 
 2.652434 
1.739914e+00 
 
 0.184742 
9.635012e-01 
 
 1.718800 
5.806718e-01 
 
 0.184750 
9.904113e-01 
 
 1.581321 
9.444463e-01 
 
 2.083816 
2.093820e+00 
 
 1.966628 
2.629676e+00 
 
 1.466064 
2.305231e+00 
 
 2.709604 
9.247247e-01 
 
 1.800552 
2.188327e+00 
 
 0.556692 
1.861982e+00 
 
 1.004791 
1.729500e+00 
 
 1.569367 
1.857101e+00 
 
 0.146125 
1.996247e+00 
 
 2.195125 
2.573701e+00 
 
 0.091577 
4.796820e-01 
 
 0.475613 
1.500306e+00 
 
 1.452670 
2.801987e+00 
 
 0.820477 
2.756126e+00 
 
 2.798804 
2.953147e-01 
 
 2.477996 
2.246600e+00 
 
 1.820895 
1.492804e+00 
 
 2.262302 
2.522512e+00 
 
 2.398138 
1.926808e+00 
 
 0.886860 
9.605263e-01 
 
 1.309519 
7.076997e-01 
 
 1.150037 
1.211583e+00 
 
 1.271697 
2.113755e+00 
 
 1.653474 
1.173747e+00 
 
 0.096047 
2.152486e+00 
 
 0.496926 
2.236311e-01 
 
 2.075718 
4.411857e-01 
 
 0.626072 
2.208633e+00 
 
 0.319183 
2.965856e+00 
 
 2.236256 
1.261130e+00 
 
 0.707360 
1.546016e+00 
 
 0.684437 
9.539595e-01 
 
 0.105344 
1.179688e+00 
 
 1.297545 
2.105897e+00 
 
 1.139422 
4.130616e-01 
 
 1.653019 
7.573385e-01 
 
 0.288353 
2.632189e+00 
 
 1.011926 
6.451036e-02 
 
 2.334493 
2.774573e+00 
 
 0.575966 
1.978992e+00 
 
 0.769851 
1.063603e+00 
 
 0.498181 
3.298905e-01 
 
 1.876059 
2.558304e+00 
 
 2.465131 
7.040009e-01 
 
 0.311557 
2.502877e-01 
 
 0.522535 
1.079740e-01 
 
 0.270104 
1.215428e+00 
 
 2.617631 
1.152461e-01 
 
 0.019146 
1.225464e+00 
 
 1.477550 
9.249977e-01 
 
 0.483449 
2.976918e+00 
 
 1.933542 
1.339844e-01 
 
 0.379001 
5.128828e-01 
 
 1.065081 
4.615878e-01 
 
 0.673914 
1.277799e+00 
 
 0.861316 
1.544842e+00 
 
 1.610631 
1.549482e-01 
 
 1.364859 
1.938157e+00 
 
 2.697027 
1.791714e+00 
 
 0.785147 
2.445811e+00 
 
 2.021331 
1.598883e+00 
 
 0.551548 
2.363768e+00 
 
 1.087964 
1.593456e+00 
 
 0.729402 
2.473531e+00 
 
 2.120200 
1.326817e-01 
 
 1.352438 
2.173707e+00 
 
 2.692528 
5.147208e-01 
 
 2.091062 
1.611180e+00 
 
 1.971052 
1.002850e+00 
 
 2.059534 
2.669283e+00 
 
 0.995989 
2.221451e+00 
 
 2.738056 
3.592744e-01 
 
 1.144564 
2.503756e-01 
 
 0.186477 
2.929904e+00 
 
 0.648118 
1.873980e+00 
 
 0.600810 
2.957881e+00 
 
 0.033526 
2.974005e+00 
 
 0.179906 
2.429498e+00 
 
 0.071909 
2.155798e+00 
 
 0.971494 
2.594858e-01 
 
 1.294907 
7.766873e-02 
 
 0.006168 
1.501838e+00 
 
 0.013074 
3.590753e-01 
 
 0.210773 
1.934130e+00 
 
 2.866832 
1.823670e+00 
 
 0.304953 
9.479434e-01 
 
 1.914876 
4.328411e-01 
 
 0.100748 
6.982965e-01 
 
 0.569650 
2.985044e+00 
 
 0.119550 
5.550373e-01 
 
 1.443600 
2.399075e+00 
 
 2.277800 
4.535213e-01 
 
 2.739056 
1.242937e+00 
 
 0.488780 
9.869645e-01 
 
 2.628427 
2.370979e+00 
 
 0.065932 
9.642850e-01 
 
 0.128363 
8.512425e-01 
 
 2.914967 
2.174733e+00 
 
 1.402247 
2.110507e+00 
 
 2.501154 
2.647866e+00 
 
 0.138934 
1.178886e-01 
 
 2.605231 
7.028692e-01 
 
 1.895665 
2.339398e+00 
 
 0.599278 
1.045389e-01 
 
 0.473730 
3.072327e-01 
 
 0.110356 
4.699944e-01 
 
 0.056776 
1.210732e+00 
 
 0.475927 
2.493239e+00 
 
 0.257647 
2.919948e+00 
 
 2.208403 
1.389847e-01 
 
 0.203124 
1.758354e+00 
 
 0.650729 
1.220193e-01 
 
 2.787133 
2.392042e-01 
 
 2.501417 
2.253315e+00 
 
 0.150341 
2.291267e+00 
 
 0.105187 
1.007154e+00 
 
 0.453181 
2.641439e+00 
 
 0.725516 
1.591278e+00 
 
 1.622310 
7.317988e-01 
 
 2.432660 
5.138461e-01 
 
 2.480355 
2.536164e+00 
 
 2.406327 
1.642986e+00 
 
 2.078484 
2.567640e+00 
 
 0.250787 
1.338403e+00 
 
 2.199580 
1.617518e+00 
 
 1.402068 
1.620787e+00 
 
 1.557119 
6.792560e-02 
 
 0.145073 
2.586420e+00 
 
 0.985115 
1.571239e+00 
 
 1.343342 
2.217469e+00 
 
 1.618617 
3.689059e-01 
 
 0.039359 
5.380391e-01 
 
 2.249749 
1.701615e+00 
 
 1.751479 
9.670936e-01 
 
 1.389605 
2.288350e-01 
 
 2.195973 
2.734770e+00 
 
 1.936889 
5.158657e-01 
 
 2.604459 
1.069020e+00 
 
 0.354742 
5.266556e-01 
 
 2.976970 
2.854832e+00 
 
 2.688776 
7.972029e-01 
 
 2.490239 
2.059474e+00 
 
 1.063295 
3.629939e-01 
 
 0.788987 
4.945186e-01 
 
 0.017792 
6.230851e-01 
 
 0.507067 
2.746893e+00 
 
 1.469636 
1.888128e+00 
 
 2.051276 
1.307462e+00 
 
 0.295709 
9.072731e-03 
 
 0.717867 
4.727293e-01 
 
 0.781468 
5.648807e-01 
 
 0.831095 
8.181406e-01 
 
 0.642895 
6.276795e-01 
 
 0.710914 
6.116631e-01 
 
 0.890452 
5.585033e-01 
 
 0.736405 
5.189738e-01 
 
 0.422560 
6.090570e-01 
 
 0.634537 
7.241772e-01 
 
 0.564790 
6.557529e-01 
 
 0.629973 
9.023177e-01 
 
 0.766580 
7.009630e-01 
 
 0.828712 
5.668654e-01 
 
 0.461607 
7.371396e-01 
 
 0.738320 
5.249948e-01 
 
 0.797678 
5.190689e-01 
 
 0.507311 
5.791394e-01 
 
 0.780009 
7.068613e-01 
 
 0.581676 
5.569815e-01 
 
 0.660841 
9.292761e-01 
 
 0.615903 
6.041293e-01 
 
 0.567550 
9.147291e-01 
 
 0.813497 
6.765474e-01 
 
 0.520411 
9.231136e-01 
 
 0.763774 
5.846073e-01 
 
 0.649571 
2.914368e-01 
 
 0.758681 
5.755035e-01 
 
 0.540481 
5.367306e-01 
 
 0.958323 
7.561353e-01 
 
 0.853881 
5.020941e-01 
 
 0.874359 
6.483448e-01 
 
 0.627030 
5.980696e-01 
 
 0.122042 
8.459009e-01 
 
 0.635842 
5.612734e-01 
 
 0.925588 
6.919508e-01 
 
 0.462462 
3.476325e-01 
 
 0.649269 
5.057788e-01 
 
 0.712562 
8.305056e-01 
 
 0.536493 
6.204874e-01 
 
 0.759953 
8.570543e-01 
 
 0.558549 
7.982429e-01 
 
 0.525522 
5.579325e-01 
 
 0.686794 
6.383520e-01 
 
 0.532808 
8.033046e-01 
 
 0.392439 
6.288051e-01 
 
 0.512941 
7.688292e-01 
 
 0.741602 
8.864000e-01 
 
 0.873144 
6.893299e-01 
 
 0.695869 
3.090879e-01 
 
 0.513225 
7.172311e-01 
 
 0.584843 
5.505481e-01 
 
 0.530799 
8.170456e-01 
 
 0.902036 
6.238069e-01 
 
 0.717638 
5.622072e-01 
 
 0.215661 
5.680351e-01 
 
 0.778576 
8.603451e-01 
 
 0.497578 
2.169449e-01 
 
 0.680177 
6.109207e-01 
 
 0.176885 
8.843288e-01 
 
 0.761342 
9.830494e-01 
 
 0.757076 
5.826730e-01 
 
 0.887187 
6.926810e-01 
 
 0.522540 
9.314332e-01 
 
 0.508189 
7.456391e-01 
 
 0.976834 
7.310656e-01 
 
 0.503864 
6.432035e-01 
 
 0.527471 
6.361374e-01 
 
 0.941574 
8.822871e-01 
 
 0.505881 
5.585671e-01 
 
 0.526676 
9.557014e-01 
 
 0.585029 
8.299279e-01 
 
 0.838688 
9.307631e-01 
 
 0.325564 
7.810244e-01 
 
 0.607463 
5.699957e-01 
 
 0.715850 
6.028495e-01 
 
 0.700419 
5.941241e-01 
 
 0.395811 
7.009447e-01 
 
 0.587529 
6.286712e-01 
 
 0.522083 
5.793428e-01 
 
 0.859938 
2.213889e-01 
 
 0.717056 
9.299635e-01 
 
 0.359565 
9.238683e-01 
 
 0.902048 
6.737992e-01 
 
 0.824456 
6.272977e-01 
 
 0.618571 
7.516913e-01 
 
 0.744617 
7.912892e-01 
 
 0.723978 
8.391700e-01 
 
 0.526030 
7.481148e-01 
 
 0.539403 
9.194127e-01 
 
 0.487788 
5.407649e-01 
 
 0.696077 
5.892362e-01 
 
 0.324870 
8.458490e-01 
 
 0.379575 
6.921654e-01 
 
 0.475295 
8.811424e-01 
 
 0.893998 
5.783430e-01 
 
 0.545124 
4.980631e-01 
 
 0.508088 
7.529344e-01 
 
 0.538248 
5.156219e-01 
 
 0.516499 
5.173519e-01 
 
 0.752406 
4.627344e-01 
 
 0.566261 
8.436547e-01 
 
 0.606981 
5.741779e-01 
 
 0.540821 
2.945730e-01 
 
 0.515065 
8.380838e-01 
 
 0.673109 
7.973261e-01 
 
 0.840207 
6.726106e-01 
 
 0.794419 
5.454623e-01 
 
 0.458018 
8.774761e-01 
 
 0.556566 
6.286309e-01 
 
 0.609401 
9.658354e-01 
 
 0.978880 
9.720329e-01 
 
 0.540049 
8.582102e-01 
 
 0.588166 
7.916331e-01 
 
 0.550924 
6.771477e-01 
 
 0.519606 
9.075832e-01 
 
 0.602560 
5.403802e-01 
 
 0.081886 
7.270958e-01 
 
 0.589252 
6.465671e-01 
 
 0.668001 
5.492667e-01 
 
 0.573719 
8.363519e-01 
 
 0.814228 
9.614045e-01 
 
 0.693193 
6.639588e-01 
 
 0.577494 
2.875089e-01 
 
 0.691147 
8.965838e-01 
 
 0.538485 
4.179588e-01 
 
 0 
 
 2.555230 
7.243593e-01 
 
 6.112123 
9.776742e+00 
 
 0.564691 
5.052107e+00 
 
 4.848914 
8.838211e-01 
 
 6.730620 
4.376540e+00 
 
 1.491775 
1.128160e+00 
 
 0.043546 
7.466481e+00 
 
 0.060842 
1.515873e+00 
 
 0.452009 
3.711999e+00 
 
 1.544981 
1.930553e+00 
 
 2.052076 
3.569370e+00 
 
 2.719364 
3.411935e+00 
 
 0.581803 
6.017261e+00 
 
 6.034250 
3.564213e+00 
 
 2.761438 
2.107835e+00 
 
 1.622716 
2.061297e+00 
 
 8.581056 
9.489077e+00 
 
 3.695362 
5.948164e+00 
 
 0.967317 
5.238429e+00 
 
 8.427652 
6.480660e+00 
 
 9.699963 
1.150136e+00 
 
 4.269500 
1.564145e+00 
 
 6.923451 
1.546163e+00 
 
 3.825368 
2.955343e+00 
 
 6.214702 
9.213616e-01 
 
 0.492560 
2.091133e-01 
 
 1.077339 
7.604258e-02 
 
 3.397589 
3.600823e+00 
 
 1.655919 
1.076363e+00 
 
 2.435997 
9.733529e+00 
 
 6.491647 
1.176020e+00 
 
 0.165206 
6.776932e-01 
 
 6.022901 
2.412962e-01 
 
 4.878840 
2.685356e-01 
 
 2.748105 
2.639323e+00 
 
 0.275078 
4.044455e+00 
 
 2.783122 
1.594533e+00 
 
 6.947299 
2.490251e+00 
 
 8.659125 
3.752228e+00 
 
 0.534143 
9.419705e+00 
 
 7.027172 
5.013032e+00 
 
 2.416298 
6.572885e-02 
 
 0.403264 
9.301641e-01 
 
 2.808376 
1.482607e+00 
 
 2.476941 
2.733201e+00 
 
 3.001506 
5.323786e+00 
 
 3.084378 
6.833450e+00 
 
 8.483406 
2.006199e+00 
 
 0.739157 
1.674264e+00 
 
 8.187912 
3.473957e+00 
 
 4.822434 
5.247755e-02 
 
 1.251536 
1.594465e+00 
 
 0.098476 
2.405323e+00 
 
 3.386675 
8.867580e+00 
 
 3.313883 
8.958166e+00 
 
 9.532161 
3.641887e+00 
 
 7.190875 
1.062804e+00 
 
 2.923945 
7.484707e-01 
 
 3.108420 
2.247369e-01 
 
 2.570518 
4.121468e+00 
 
 6.644481 
3.237543e-01 
 
 0.270287 
2.314379e+00 
 
 3.992190 
3.564413e+00 
 
 0.180632 
1.464411e+00 
 
 9.283354 
6.450035e-01 
 
 1.847662 
3.794941e+00 
 
 3.476244 
1.496641e+00 
 
 2.357572 
8.931506e-01 
 
 0.607011 
5.725739e+00 
 
 2.077319 
4.525578e+00 
 
 8.019662 
2.462476e+00 
 
 0.967148 
5.469324e+00 
 
 1.451117 
3.638055e+00 
 
 0.003553 
3.948050e+00 
 
 3.565673 
2.490884e-01 
 
 1.702582 
3.321375e+00 
 
 0.532241 
5.689708e+00 
 
 0.513450 
7.051917e-01 
 
 8.221470 
4.757579e+00 
 
 1.444881 
8.215089e+00 
 
 0.442002 
7.901372e+00 
 
 1.784859 
1.310807e+00 
 
 4.025804 
6.596759e+00 
 
 3.574390 
5.651888e+00 
 
 2.032329 
1.758883e+00 
 
 3.992039 
5.188670e+00 
 
 3.353882 
3.128587e+00 
 
 1.691351 
4.101497e+00 
 
 1.104293 
1.003354e+00 
 
 0.704363 
4.741558e-01 
 
 3.065166 
1.189248e+00 
 
 2.221524 
1.722539e+00 
 
 9.843696 
3.278977e-01 
 
 1.054790 
1.257922e+00 
 
 4.175896 
8.317755e+00 
 
 1.418646 
9.170287e+00 
 
 2.205789 
6.652752e+00 
 
 2.714799 
1.233236e+00 
 
 0.967084 
7.176604e+00 
 
 0.425594 
1.910960e+00 
 
 4.626374 
3.419146e+00 
 
 1.470896 
1.459569e+00 
 
 0.879888 
6.097164e+00 
 
 3.125149 
2.611189e+00 
 
 9.491727 
4.572229e+00 
 
 2.226577 
4.725969e-01 
 
 1.995068 
1.586742e+00 
 
 8.285779 
2.554289e+00 
 
 0.908402 
6.635265e+00 
 
 1.989732 
2.902665e+00 
 
 3.109234 
1.378083e+00 
 
 6.708994 
3.680463e-01 
 
 0.394362 
1.231528e+00 
 
 2.031358 
4.828595e+00 
 
 2.542140 
5.412996e+00 
 
 2.012752 
5.014195e+00 
 
 1.257201 
2.181983e+00 
 
 0.346263 
5.478625e+00 
 
 5.566180 
3.242432e+00 
 
 1.184936 
5.414643e-02 
 
 0.866441 
4.941230e+00 
 
 4.593878 
7.312089e+00 
 
 0.934427 
4.961831e+00 
 
 0.528058 
2.491487e+00 
 
 0.185569 
1.025564e+00 
 
 8.074962 
1.249581e+00 
 
 1.946678 
2.940230e+00 
 
 1.866091 
2.778508e+00 
 
 3.067331 
8.848235e-01 
 
 4.790730 
4.591964e+00 
 
 0.429220 
6.144442e+00 
 
 0.788259 
2.912630e+00 
 
 8.607888 
3.131458e+00 
 
 1.123359 
1.179697e+00 
 
 4.689093 
4.115360e+00 
 
 2.090600 
8.915129e-01 
 
 1.408278 
5.183265e+00 
 
 2.991884 
9.756391e-01 
 
 4.380223 
1.817518e+00 
 
 8.303709 
4.647466e+00 
 
 2.473410 
1.273579e+00 
 
 8.973078 
3.460846e+00 
 
 1.726302 
7.985955e-01 
 
 3.115186 
1.319532e+00 
 
 1.696994 
4.068257e+00 
 
 1.534545 
8.234125e-01 
 
 0.459668 
1.020597e+00 
 
 0.167358 
1.489326e+00 
 
 1.112379 
9.348574e+00 
 
 1.195146 
1.900920e+00 
 
 1.812046 
1.501941e+00 
 
 6.978113 
3.252410e+00 
 
 2.571577 
1.757659e+00 
 
 1.076848 
1.565575e+00 
 
 9.661776 
6.161569e-01 
 
 1.345404 
6.107796e+00 
 
 9.876688 
1.465822e+00 
 
 3.239604 
5.289282e+00 
 
 2.411827 
1.910841e-01 
 
 1.115099 
5.225408e+00 
 
 1.853660 
3.339783e+00 
 
 9.455690 
4.690754e+00 
 
 1.803765 
4.395746e+00 
 
 0.025006 
2.916230e+00 
 
 4.348880 
7.150687e+00 
 
 6.717033 
6.729523e-01 
 
 6.326465 
8.591336e-01 
 
 6.865192 
4.484265e-01 
 
 0.328860 
9.794219e-01 
 
 1.016900 
4.738123e+00 
 
 5.220399 
5.645447e-01 
 
 3.934848 
7.073234e+00 
 
 4.960602 
1.251988e+00 
 
 1.688467 
2.253501e+00 
 
 8.841175 
9.806463e-01 
 
 0.177535 
7.524714e-01 
 
 2.633892 
7.218484e-01 
 
 2.675784 
5.092018e-01 
 
 8.698395 
2.406164e+00 
 
 6.989687 
3.274341e+00 
 
 0.950235 
1.630368e+00 
 
 1.725455 
7.459218e+00 
 
 1.838024 
1.053666e+00 
 
 4.756038 
1.165619e-01 
 
 5.864576 
2.914138e+00 
 
 1.354915 
6.725072e+00 
 
 2.496238 
1.200035e+00 
 
 0.658734 
4.176900e+00 
 
 1.351091 
3.995813e+00 
 
 2.489000 
2.153785e+00 
 
 9.153599 
8.152642e-01 
 
 3.477643 
5.139188e+00 
 
 5.962311 
3.997044e-01 
 
 1.496164 
2.805288e-01 
 
 0.688754 
6.412260e-01 
 
 2.921754 
1.309158e+00 
 
 2.634031 
9.339609e-01 
 
 0.496217 
1.860410e+00 
 
 2.627633 
7.097172e+00 
 
 0.934459 
8.769782e-01 
 
 0.851891 
6.199082e+00 
 
 4.339077 
2.923834e+00 
 
 3.263089 
1.177500e+00 
 
 3.144838 
8.405256e-01 
 
 1.011624 
2.096015e+00 
 
 0.557784 
9.830552e+00 
 
 1.484898 
2.208607e+00 
 
 1.315583 
1.120159e+00 
 
 1.787349 
2.861312e+00 
 
 0.993109 
3.002517e-01 
 
 2.265046 
3.393935e+00 
 
 2.975836 
5.160302e+00 
 
 5.420900 
3.965597e+00 
 
 3.874304 
1.669176e-02 
 
 3.257268 
3.983495e+00 
 
 2.563139 
4.836217e+00 
 
 1.490886 
2.637379e-01 
 
 5.534972 
3.347617e+00 
 
 3.254675 
3.262221e+00 
 
 5.034954 
4.742706e+00 
 
 1.802900 
2.482248e+00 
 
 1.195929 
9.436069e+00 
 
 6.835337 
1.874609e+00 
 
 8.170496 
2.846981e+00 
 
 0.724330 
3.333132e+00 
 
 7.989273 
1.876047e+00 
 
 3.309560 
3.808936e-01 
 
 3.520294 
2.747470e+00 
 
 0.980956 
6.211459e+00 
 
 2.889890 
1.486038e+00 
 
 2.200761 
1.592511e-01 
 
 2.350506 
1.784027e+00 
 
 3.468073 
1.009169e+00 
 
 0.377058 
9.086635e-01 
 
 0.258306 
1.165305e+00 
 
 4.373560 
9.639330e+00 
 
 0.457975 
1.771728e+00 
 
 2.025979 
1.805242e+00 
 
 1.772495 
8.693848e+00 
 
 1.776395 
4.266134e+00 
 
 4.945510 
4.982228e+00 
 
 0.295246 
1.135987e+00 
 
 5.815896 
8.767006e+00 
 
 2.589376 
1.640480e-01 
 
 3.868073 
9.157982e+00 
 
 2.734999 
1.144415e+00 
 
 4.547759 
1.299540e+00 
 
 3.628191 
8.087413e-01 
 
 5.109549 
5.353687e+00 
 
 0.018482 
3.909967e+00 
 
 1.370102 
8.250790e+00 
 
 1.348424 
3.930708e+00 
 
 9.702130 
1.656469e+00 
 
 0.255936 
5.014019e+00 
 
 1.573355 
3.673313e+00 
 
 3.709415 
8.108977e+00 
 
 4.711970 
5.007621e+00 
 
 9.347697 
2.509307e+00 
 
 0.105985 
5.692954e+00 
 
 2.715931 
3.619687e+00 
 
 5.386956 
4.212040e+00 
 
 6.533167 
7.247582e-01 
 
 2.610584 
9.520321e+00 
 
 2.383795 
4.032986e+00 
 
 0.542495 
8.617229e-01 
 
 6.895048 
1.675826e-01 
 
 0.617476 
8.591231e+00 
 
 5.586408 
2.365822e+00 
 
 6.662104 
3.311920e-01 
 
 2.779929 
4.773171e+00 
 
 0.720531 
3.270553e+00 
 
 1.954899 
4.864927e+00 
 
 6.125968 
3.521971e+00 
 
 2.999035 
1.815484e+00 
 
 2.999804 
7.067255e+00 
 
 4.821977 
4.404422e+00 
 
 7.904216 
2.368720e+00 
 
 0.316789 
2.515222e+00 
 
 2.484855 
8.301039e+00 
 
 2.214267 
3.662679e+00 
 
 0.682626 
3.880032e+00 
 
 4.706181 
5.019884e+00 
 
 6.794024 
4.745588e+00 
 
 1.954704 
1.462551e+00 
 
 6.542195 
5.896392e+00 
 
 7.329883 
4.424437e+00 
 
 2.572553 
2.658240e+00 
 
 1.465485 
3.132272e+00 
 
 3.261023 
5.883332e+00 
 
 0.488087 
1.959637e+00 
 
 8.521990 
5.999340e+00 
 
 4.960820 
3.358988e+00 
 
 8.941993 
5.530626e-01 
 
 8.290039 
6.617306e+00 
 
 1.633857 
8.260593e-01 
 
 3.367926 
1.273344e+00 
 
 7.762230 
9.477379e+00 
 
 0.021016 
2.604780e+00 
 
 9.434389 
9.270720e+00 
 
 3.786812 
9.443397e+00 
 
 3.770689 
2.922054e+00 
 
 5.055040 
8.680758e+00 
 
 5.375697 
8.302876e+00 
 
 6.147041 
7.876221e-02 
 
 3.916199 
1.845666e+00 
 
 1.455148 
1.525452e+00 
 
 2.659913 
1.382137e+00 
 
 0.932614 
4.137347e+00 
 
 3.382504 
6.668630e+00 
 
 1.277746 
1.111763e+00 
 
 3.497807 
1.751135e+00 
 
 1.426178 
7.618369e+00 
 
 2.637799 
2.737150e+00 
 
 6.681658 
5.854586e-02 
 
 2.341466 
1.526752e+00 
 
 8.872103 
1.459946e+00 
 
 0.198703 
6.695142e+00 
 
 2.843951 
5.766719e+00 
 
 5.401675 
3.839444e-01 
 
 2.009738 
7.039337e+00 
 
 0.142131 
2.653848e+00 
 
 8.362108 
3.878587e+00 
 
 2.314941 
1.327624e+00 
 
 7.122733 
8.722678e-01 
 
 8.946148 
9.975749e+00 
 
 4.748609 
4.329327e+00 
 
 5.720377 
6.033152e-01 
 
 5.978161 
7.815215e+00 
 
 5.932553 
1.619068e+00 
 
 1.274088 
5.926649e+00 
 
 7.968741 
2.407182e+00 
 
 7.222880 
4.940241e+00 
 
 1.112577 
4.195463e+00 
 
 2.547810 
2.188848e+00 
 
 6.483303 
5.645729e+00 
 
 6.955282 
1.357314e+00 
 
 4.642065 
9.709218e+00 
 
 0.740226 
1.945067e+00 
 
 1.259397 
3.654314e+00 
 
 8.043689 
6.036454e+00 
 
 4.145384 
5.367881e+00 
 
 8.733712 
2.004034e+00 
 
 3.018111 
8.200959e+00 
 
 8.263789 
7.765392e+00 
 
 1.015566 
2.487275e+00 
 
 4.216552 
4.485571e+00 
 
 5.030662 
5.313196e+00 
 
 4.831646 
1.282876e+00 
 
 1.185809 
3.107211e+00 
 
 2.299240 
1.269443e+00 
 
 2.336870 
1.103263e+00 
 
 2.407359 
9.529254e+00 
 
 4.767852 
9.877619e-01 
 
 3.461068 
6.836928e+00 
 
 0.632162 
7.828857e+00 
 
 9.377047 
2.320572e+00 
 
 8.280414 
4.582787e+00 
 
 3.263520 
6.172948e+00 
 
 6.735105 
1.765193e+00 
 
 5.838712 
2.551815e+00 
 
 2.866913 
8.433830e+00 
 
 3.290346 
1.344960e+00 
 
 4.868475 
6.067065e+00 
 
 2.975276 
1.526371e+00 
 
 3.029015 
2.064138e+00 
 
 1.269129 
1.813014e+00 
 
 0.952782 
5.460093e+00 
 
 2.498851 
3.134293e+00 
 
 0.871990 
1.242112e+00 
 
 3.925266 
4.904632e+00 
 
 5.493781 
3.355425e+00 
 
 0.637221 
1.992489e-01 
 
 1.786683 
2.435776e+00 
 
 7.011498 
3.344792e+00 
 
 5.060062 
1.960735e+00 
 
 5.188179 
9.066230e+00 
 
 4.054436 
7.155846e+00 
 
 7.835417 
2.777125e+00 
 
 1.216798 
8.880120e+00 
 
 1.674701 
2.013285e+00 
 
 4.279825 
4.763001e+00 
 
 3.692752 
7.128097e+00 
 
 1.219719 
4.766244e+00 
 
 4.015336 
7.229020e+00 
 
 0.083738 
2.342895e+00 
 
 3.149684 
3.699287e+00 
 
 4.574243 
3.708264e-01 
 
 1.100658 
2.995632e+00 
 
 1.073646 
4.308171e+00 
 
 2.192312 
6.282261e+00 
 
 4.629011 
1.586458e+00 
 
 1.275643 
6.136473e+00 
 
 3.177086 
1.546944e+00 
 
 8.933791 
3.100558e-01 
 
 3.268967 
2.767943e-01 
 
 5.103736 
2.600389e+00 
 
 0.026011 
3.652639e+00 
 
 8.612893 
1.888010e+00 
 
 2.516188 
5.755100e+00 
 
 4.344617 
1.688382e+00 
 
 5.484460 
2.366455e+00 
 
 5.188491 
8.084291e-01 
 
 3.311249 
2.461969e+00 
 
 8.328351 
1.025647e+00 
 
 2.520521 
2.739555e+00 
 
 0.232829 
9.713421e+00 
 
 7.908048 
6.413950e+00 
 
 0.121238 
2.803574e+00 
 
 9.245941 
6.756720e+00 
 
 4.906421 
2.883728e+00 
 
 1.009196 
4.516262e-01 
 
 0.040492 
1.775496e+00 
 
 9.634332 
6.895411e-01 
 
 8.469056 
1.541310e-02 
 
 0.013734 
3.137064e+00 
 
 8.403629 
4.732548e+00 
 
 6.839298 
4.637751e-01 
 
 8.919391 
1.732327e+00 
 
 3.085781 
3.128707e+00 
 
 9.002317 
8.169990e-01 
 
 3.093508 
3.062135e+00 
 
 6.847647 
7.982438e+00 
 
 1.649371 
7.169480e+00 
 
 8.344601 
2.856186e+00 
 
 0.186425 
8.828593e-01 
 
 8.374615 
7.926859e+00 
 
 2.115446 
7.314464e+00 
 
 4.093087 
8.824873e+00 
 
 2.539724 
4.633497e+00 
 
 4.528567 
4.226746e+00 
 
 3.512054 
4.033500e+00 
 
 5.067869 
7.016458e+00 
 
 1.065924 
8.100162e+00 
 
 1.972569 
4.320731e+00 
 
 1.924474 
6.797566e+00 
 
 0.920237 
5.586756e-01 
 
 0.313362 
2.830337e+00 
 
 3.895946 
5.417741e-01 
 
 1.219815 
6.063070e+00 
 
 2.878143 
6.655217e+00 
 
 2.361302 
7.286702e+00 
 
 0.373772 
4.806633e-01 
 
 0.508344 
3.822263e+00 
 
 4.571046 
4.648888e+00 
 
 3.841664 
4.126365e+00 
 
 3.639797 
3.922757e-01 
 
 0.194941 
2.286487e+00 
 
 7.672187 
1.009280e+00 
 
 6.268151 
1.659468e+00 
 
 4.800275 
2.027701e+00 
 
 7.897251 
4.615993e+00 
 
 1.125523 
8.749170e+00 
 
 5.604457 
2.609555e+00 
 
 2.049672 
5.860730e+00 
 
 4.537539 
9.089095e+00 
 
 1.605029 
2.576319e+00 
 
 2.211322 
1.366950e-01 
 
 4.603198 
7.843589e+00 
 
 2.282098 
6.189738e+00 
 
 2.100108 
4.931343e+00 
 
 1.060501 
2.124531e-01 
 
 3.468944 
1.795085e+00 
 
 2.894205 
9.818526e+00 
 
 4.919734 
4.546520e+00 
 
 4.684818 
2.988415e+00 
 
 1.866402 
3.351430e-02 
 
 3.103988 
2.509222e+00 
 
 4.949686 
6.051890e+00 
 
 4.367547 
3.226126e+00 
 
 0.603994 
1.622823e+00 
 
 0.037007 
8.879891e+00 
 
 1.224071 
1.533829e+00 
 
 0.211412 
7.899680e+00 
 
 1.294744 
2.849278e-01 
 
 7.573483 
6.247057e-01 
 
 1.719511 
9.199153e+00 
 
 1.904904 
3.308922e+00 
 
 8.433783 
9.509357e+00 
 
 2.629546 
7.404415e-01 
 
 8.595722 
8.218024e+00 
 
 7.801349 
4.676401e+00 
 
 7.775259 
7.479079e-01 
 
 0.320502 
2.591207e+00 
 
 3.765336 
6.191471e+00 
 
 6.224871 
7.034388e+00 
 
 2.388835 
4.612426e+00 
 
 6.345123 
8.394669e+00 
 
 5.112817 
4.532363e+00 
 
 2.220174 
1.200335e-01 
 
 4.477761 
2.384456e+00 
 
 0.136600 
1.937747e+00 
 
 6.075079 
2.541904e+00 
 
 3.957365 
4.249338e+00 
 
 1.929908 
5.823042e+00 
 
 6.344490 
1.034759e+00 
 
 1.902718 
2.156010e+00 
 
 5.283780 
3.065555e+00 
 
 6.281466 
4.924329e+00 
 
 5.319386 
4.711237e+00 
 
 8.269906 
2.214559e+00 
 
 3.391280 
1.320230e+00 
 
 6.916093 
2.020850e+00 
 
 7.398080 
8.978339e+00 
 
 0.198696 
2.218404e+00 
 
 7.934516 
1.818596e+00 
 
 7.171386 
4.815116e+00 
 
 9.369246 
2.999330e-01 
 
 9.997694 
1.974021e+00 
 
 0.868222 
2.961919e+00 
 
 5.441259 
9.759366e+00 
 
 3.775040 
9.612056e+00 
 
 0.264671 
2.068955e+00 
 
 2.164401 
6.610698e+00 
 
 1.745904 
1.525850e+00 
 
 4.145055 
8.586805e+00 
 
 5.603124 
5.028651e+00 
 
 7.112889 
7.980461e+00 
 
 7.129097 
4.432568e-01 
 
 5.960245 
1.155919e+00 
 
 9.743989 
7.345934e+00 
 
 0.484017 
6.969647e+00 
 
 7.440537 
7.846804e+00 
 
 9.361428 
5.037551e+00 
 
 9.459718 
4.106057e+00 
 
 5.202317 
7.781049e-01 
 
 9.101166 
6.800095e+00 
 
 6.368921 
7.533866e+00 
 
 4.270494 
8.958635e+00 
 
 6.563714 
6.675300e+00 
 
 3.328179 
1.871475e-01 
 
 3.874649 
1.446798e+00 
 
 2.120738 
4.808158e+00 
 
 9.462497 
5.000496e+00 
 
 1.131823 
4.872820e+00 
 
 1.355843 
4.618060e+00 
 
 1.353160 
3.782709e+00 
 
 7.567767 
1.296776e+00 
 
 2.208576 
7.375466e+00 
 
 2.543603 
5.805050e+00 
 
 1.002946 
6.208902e+00 
 
 1.007980 
1.766411e+00 
 
 5.558453 
1.377208e+00 
 
 0.270175 
4.641369e+00 
 
 3.568630 
2.234911e-01 
 
 2.867817 
6.590817e+00 
 
 3.524898 
4.745813e+00 
 
 2.771512 
4.331684e+00 
 
 6.006350 
4.517384e+00 
 
 3.143241 
7.323510e+00 
 
 2.195336 
8.664870e+00 
 
 4.546624 
3.853901e+00 
 
 5.098491 
1.020891e+00 
 
 0.040127 
9.550031e+00 
 
 8.081423 
4.838056e+00 
 
 8.948862 
2.195005e+00 
 
 8.180346 
6.702510e+00 
 
 0.385432 
9.009282e+00 
 
 9.525672 
4.984167e+00 
 
 8.084167 
3.285021e+00 
 
 2.077768 
1.667509e+00 
 
 4.400559 
8.367250e-01 
 
 4.278013 
9.312115e+00 
 
 2.577789 
4.179283e+00 
 
 8.107446 
7.499032e+00 
 
 5.365192 
7.721546e+00 
 
 7.134878 
5.208613e-01 
 
 3.144978 
4.177950e-01 
 
 4.096086 
5.438100e+00 
 
 8.766379 
8.927574e+00 
 
 4.540758 
5.531452e+00 
 
 5.713308 
2.232493e+00 
 
 8.949014 
7.595141e+00 
 
 3.021815 
4.721900e+00 
 
 0.607224 
7.929702e+00 
 
 2.312110 
2.658461e+00 
 
 2.043970 
8.675337e+00 
 
 8.104985 
8.231605e+00 
 
 7.339770 
6.158277e-01 
 
 3.615932 
7.219773e+00 
 
 1.737384 
5.305639e+00 
 
 5.620722 
1.939919e+00 
 
 2.223068 
4.826871e+00 
 
 8.995523 
5.555309e+00 
 
 5.704465 
3.934167e+00 
 
 1.234307 
5.521890e-01 
 
 6.814586 
4.433146e+00 
 
 3.399724 
2.977178e+00 
 
 5.428505 
9.810620e+00 
 
 3.119031 
6.393889e-01 
 
 4.218453 
6.207345e+00 
 
 4.150245 
2.839185e+00 
 
 4.644264 
7.548613e+00 
 
 9.765535 
3.813470e+00 
 
 4.210914 
8.240470e+00 
 
 6.288090 
5.960045e+00 
 
 6.369133 
6.988192e+00 
 
 3.575076 
4.380187e+00 
 
 0.271898 
2.617574e+00 
 
 7.877561 
3.320995e+00 
 
 0.909727 
1.164261e+00 
 
 4.741678 
5.461598e+00 
 
 7.275663 
1.512419e+00 
 
 5.979696 
3.834469e+00 
 
 3.155915 
6.982076e+00 
 
 6.935327 
7.297438e+00 
 
 9.932430 
7.490345e+00 
 
 1.114934 
3.852242e+00 
 
 7.459693 
8.454197e+00 
 
 1.401126 
5.693672e+00 
 
 4.397635 
2.083300e+00 
 
 5.054084 
5.272590e+00 
 
 3.982031 
9.961387e+00 
 
 6.939118 
6.568549e+00 
 
 5.346155 
5.669619e-01 
 
 2.838993 
9.686206e+00 
 
 7.854479 
5.723537e-01 
 
 5.278082 
7.662758e+00 
 
 6.091418 
5.290246e-01 
 
 6.623417 
7.295952e-01 
 
 9.001372 
9.086145e+00 
 
 0.352593 
6.203173e-02 
 
 0.804793 
3.611612e+00 
 
 8.073099 
7.937283e+00 
 
 1.483767 
1.689240e+00 
 
 5.501508 
8.959197e+00 
 
 9.251138 
6.406114e+00 
 
 7.162939 
4.610628e+00 
 
 1.516125 
3.251797e-01 
 
 8.661998 
2.022519e+00 
 
 5.655019 
8.631347e-01 
 
 2.725971 
9.687416e+00 
 
 4.445231 
8.243144e+00 
 
 9.936864 
7.292740e+00 
 
 2.587333 
5.289131e+00 
 
 6.002881 
2.101591e+00 
 
 7.811911 
4.153839e+00 
 
 0.943040 
7.729803e+00 
 
 7.798581 
4.590389e-01 
 
 7.144551 
6.949417e+00 
 
 1.348442 
7.081511e-01 
 
 5.445401 
2.789811e+00 
 
 9.215400 
9.951507e+00 
 
 5.787073 
5.797292e+00 
 
 5.320929 
1.722195e+00 
 
 4.923998 
1.757145e+00 
 
 6.009109 
2.468213e+00 
 
 4.852625 
2.722648e+00 
 
 0.593862 
4.369993e+00 
 
 8.969728 
8.594421e-01 
 
 7.197151 
3.751221e+00 
 
 9.462259 
5.669575e+00 
 
 3.034457 
6.681284e+00 
 
 1.060572 
8.101873e+00 
 
 5.121150 
8.945594e+00 
 
 9.421026 
5.268762e+00 
 
 5.818223 
2.018235e+00 
 
 3.956277 
1.377986e+00 
 
 8.519592 
7.283479e+00 
 
 5.287677 
9.058448e+00 
 
 9.717961 
4.518390e+00 
 
 3.707683 
8.876903e+00 
 
 5.429643 
4.576534e+00 
 
 7.370324 
6.931098e-01 
 
 5.654489 
6.353127e+00 
 
 9.481173 
4.511463e+00 
 
 0.191280 
1.727055e+00 
 
 9.981001 
3.619745e+00 
 
 0.344510 
9.053020e+00 
 
 5.720301 
3.299209e-01 
 
 1.267510 
5.711528e+00 
 
 4.075282 
9.925253e+00 
 
 1.062076 
7.003897e+00 
 
 4.769534 
4.551632e-02 
 
 2.955401 
2.134411e-01 
 
 3.663661 
5.108304e+00 
 
 2.762045 
1.276412e+00 
 
 6.355614 
4.106668e+00 
 
 0.791817 
1.086400e+00 
 
 0.276702 
8.678085e+00 
 
 6.439073 
1.415425e+00 
 
 5.032994 
5.759957e+00 
 
 0.143269 
8.896321e+00 
 
 1.308407 
6.598836e+00 
 
 0.312329 
2.422382e+00 
 
 2.699746 
1.507159e+00 
 
 3.206053 
5.972695e+00 
 
 2.917071 
3.543297e+00 
 
 8.216758 
2.385370e+00 
 
 8.351441 
3.500089e+00 
 
 2.401220 
7.498976e+00 
 
 5.744576 
3.741536e+00 
 
 6.582473 
9.261299e+00 
 
 5.576897 
8.765643e+00 
 
 7.379596 
5.206726e+00 
 
 3.720996 
3.722196e+00 
 
 6.099428 
1.686151e+00 
 
 1.312828 
6.451572e+00 
 
 7.817750 
1.737034e+00 
 
 7.591338 
8.444860e+00 
 
 7.642026 
5.603408e+00 
 
 0.286304 
3.451394e+00 
 
 6.350132 
8.220610e-01 
 
 7.582429 
1.473614e+00 
 
 5.648894 
3.989613e-01 
 
 0.572687 
1.290483e+00 
 
 0.557248 
6.017400e+00 
 
 1.428208 
7.814492e+00 
 
 8.437336 
4.843254e+00 
 
 8.954441 
6.555779e+00 
 
 2.286766 
4.670086e+00 
 
 4.496132 
6.387949e-03 
 
 7.334855 
7.145951e+00 
 
 3.784277 
5.423698e+00 
 
 6.600041 
6.548688e+00 
 
 7.820976 
9.926395e+00 
 
 3.355902 
1.087619e-01 
 
 1.690229 
2.633733e+00 
 
 3.232644 
8.947140e+00 
 
 9.727619 
5.285149e+00 
 
 3.564400 
9.610867e+00 
 
 3.359290 
6.863890e+00 
 
 4.730385 
8.396608e+00 
 
 4.360776 
3.098346e+00 
 
 0.721694 
7.743206e+00 
 
 6.584762 
3.462618e+00 
 
 2.572699 
1.562891e+00 
 
 3.483067 
2.932407e+00 
 
 7.749990 
6.316562e+00 
 
 5.095541 
7.014780e+00 
 
 1.499764 
6.581696e+00 
 
 7.333214 
7.079261e+00 
 
 3.471585 
3.905659e-02 
 
 6.688745 
8.740983e+00 
 
 7.192647 
1.333892e+00 
 
 3.874802 
4.131236e+00 
 
 8.586003 
8.458011e+00 
 
 2.526270 
5.403485e+00 
 
 9.228032 
6.158689e+00 
 
 3.328331 
5.420898e+00 
 
 7.664470 
9.555797e+00 
 
 9.839413 
9.098077e+00 
 
 1.480731 
5.094130e+00 
 
 9.304912 
8.280752e+00 
 
 6.260111 
6.143144e+00 
 
 4.393403 
4.102486e+00 
 
 3.488987 
1.549630e+00 
 
 5.615362 
7.559949e+00 
 
 5.853854 
8.132703e+00 
 
 2.177383 
4.986236e+00 
 
 7.674085 
9.655386e-01 
 
 1.145279 
1.525064e+00 
 
 2.879220 
2.116818e+00 
 
 1.090672 
2.110240e+00 
 
 1.811930 
1.809063e+00 
 
 1.633414 
2.667958e+00 
 
 2.394592 
3.144196e-01 
 
 0.174804 
5.933430e-01 
 
 0.921752 
1.275265e+00 
 
 0.102174 
2.284327e+00 
 
 2.403891 
2.487543e+00 
 
 1.821440 
1.942136e+00 
 
 2.711624 
2.005400e+00 
 
 1.461619 
4.925425e-01 
 
 2.729552 
2.741561e+00 
 
 2.001956 
2.652652e+00 
 
 2.235067 
1.666859e+00 
 
 2.356755 
2.712403e+00 
 
 2.655277 
2.945979e+00 
 
 0.421329 
1.739218e+00 
 
 2.265194 
5.477872e-01 
 
 2.633959 
4.381402e-01 
 
 2.151272 
2.487325e+00 
 
 1.251621 
6.092680e-01 
 
 1.203771 
2.546650e+00 
 
 2.887696 
1.177234e+00 
 
 1.402551 
1.059217e+00 
 
 1.182256 
1.465907e+00 
 
 1.943124 
1.910670e+00 
 
 2.723464 
2.775750e+00 
 
 2.642371 
1.642917e+00 
 
 2.804140 
1.738879e+00 
 
 0.336482 
1.532119e+00 
 
 2.925924 
2.164728e+00 
 
 0.579921 
2.064228e+00 
 
 0.796747 
2.758733e+00 
 
 2.231303 
2.537568e+00 
 
 0.783821 
1.924371e+00 
 
 2.409171 
2.888506e+00 
 
 2.576204 
1.347812e+00 
 
 2.792624 
2.946360e+00 
 
 1.789755 
2.872975e+00 
 
 1.702603 
1.069478e+00 
 
 2.060357 
1.782718e-01 
 
 0.517284 
3.870271e-01 
 
 2.533315 
1.619087e+00 
 
 2.533259 
1.723952e+00 
 
 0.032326 
2.448171e-01 
 
 0.185457 
2.268434e+00 
 
 0.301986 
4.747246e-01 
 
 2.110248 
9.018624e-01 
 
 2.369492 
2.353314e+00 
 
 2.541541 
1.084844e+00 
 
 1.431076 
2.251271e-01 
 
 1.851509 
1.888339e+00 
 
 1.234829 
2.944153e+00 
 
 0.450478 
2.330418e+00 
 
 1.842473 
1.190461e+00 
 
 1.891606 
5.551130e-01 
 
 2.320047 
1.502754e+00 
 
 0.458411 
2.086757e+00 
 
 2.820057 
2.333480e+00 
 
 0.447225 
2.328249e+00 
 
 2.197978 
5.012852e-01 
 
 0.989809 
2.317118e+00 
 
 1.975551 
9.625532e-01 
 
 0.685084 
2.067007e+00 
 
 2.953355 
5.655835e-01 
 
 1.221648 
9.575778e-01 
 
 1.766097 
2.486543e-02 
 
 0.375229 
7.624481e-01 
 
 2.816517 
1.507244e+00 
 
 1.657100 
2.786371e+00 
 
 0.400268 
1.818690e+00 
 
 2.483730 
1.928190e+00 
 
 1.075819 
1.862227e+00 
 
 1.269325 
2.855012e+00 
 
 1.339171 
2.408788e+00 
 
 0.877404 
2.932945e+00 
 
 2.045884 
5.936541e-01 
 
 0.714276 
2.121990e-01 
 
 1.478036 
1.441745e+00 
 
 2.852672 
2.258458e-01 
 
 2.622304 
1.128984e+00 
 
 1.526215 
2.251587e+00 
 
 1.085877 
9.419950e-01 
 
 1.586850 
1.389104e+00 
 
 0.259484 
2.892252e+00 
 
 0.883217 
1.955642e+00 
 
 1.173939 
5.401481e-01 
 
 0.031984 
1.964364e+00 
 
 1.947334 
2.594190e+00 
 
 0.388312 
2.007973e+00 
 
 1.733624 
2.629715e+00 
 
 0.038868 
2.547017e+00 
 
 2.464987 
2.465657e+00 
 
 1.508608 
5.210318e-01 
 
 1.866281 
2.637998e+00 
 
 2.730193 
3.735030e-01 
 
 2.755216 
2.861166e+00 
 
 1.199553 
2.953362e+00 
 
 2.923040 
6.674823e-01 
 
 2.285064 
2.054757e+00 
 
 2.637762 
2.637076e+00 
 
 2.952122 
4.056382e-01 
 
 2.805990 
1.601563e+00 
 
 1.219282 
2.739517e+00 
 
 0.257964 
1.606084e+00 
 
 2.098961 
1.820999e+00 
 
 0.656260 
3.246019e-01 
 
 2.628330 
9.374659e-01 
 
 0.819242 
2.827198e+00 
 
 2.409602 
2.105072e+00 
 
 2.611961 
2.907292e+00 
 
 2.059985 
2.783235e+00 
 
 1.823677 
2.943864e+00 
 
 2.955517 
2.801289e+00 
 
 2.283499 
1.972166e+00 
 
 1.898733 
2.247266e+00 
 
 2.923192 
2.490172e+00 
 
 0.758424 
5.440534e-01 
 
 0.951595 
1.732909e-01 
 
 0.209060 
2.277970e+00 
 
 2.101397 
1.996110e+00 
 
 0.779865 
4.207402e-01 
 
 2.181572 
2.534138e+00 
 
 0.325480 
2.745771e+00 
 
 2.379626 
4.092717e-02 
 
 1.048124 
2.225579e+00 
 
 1.951252 
1.803304e+00 
 
 1.725333 
2.747258e+00 
 
 2.529744 
1.539507e+00 
 
 1.411235 
1.993308e+00 
 
 1.669740 
1.699307e+00 
 
 1.835338 
5.567277e-02 
 
 1.797285 
2.348144e+00 
 
 1.799821 
1.247115e+00 
 
 1.169722 
9.974020e-01 
 
 2.262675 
2.442305e+00 
 
 2.792100 
2.648869e+00 
 
 1.107569 
2.862439e+00 
 
 0.341668 
2.125453e+00 
 
 1.001355 
1.477346e+00 
 
 2.453220 
2.288339e+00 
 
 0.707366 
4.482444e-01 
 
 1.623442 
2.556635e+00 
 
 2.740258 
2.633320e+00 
 
 0.098054 
2.856133e+00 
 
 1.137920 
3.896437e-01 
 
 2.725045 
4.324884e-01 
 
 2.606009 
2.355802e+00 
 
 2.548392 
2.760979e+00 
 
 0.851307 
9.957588e-01 
 
 0.242027 
1.132999e+00 
 
 2.389596 
9.076514e-01 
 
 0.056668 
1.933925e+00 
 
 1.237927 
1.363143e+00 
 
 0.161629 
2.688463e+00 
 
 0.842506 
2.411262e+00 
 
 2.748030 
1.899272e-01 
 
 1.448832 
1.839814e+00 
 
 1.353822 
2.001760e+00 
 
 1.381566 
1.544279e+00 
 
 1.918614 
6.784075e-01 
 
 2.231770 
1.663484e+00 
 
 2.066582 
2.830600e+00 
 
 2.414758 
3.208609e-01 
 
 1.932430 
1.110214e+00 
 
 0.123244 
2.579728e-01 
 
 0.655008 
2.766652e+00 
 
 0.688014 
6.919186e-01 
 
 2.652434 
1.739914e+00 
 
 0.184742 
9.635012e-01 
 
 1.718800 
5.806718e-01 
 
 0.184750 
9.904113e-01 
 
 0.742261 
2.844741e+00 
 
 0.045467 
1.821361e+00 
 
 2.890842 
1.769633e+00 
 
 1.631946 
1.317814e-01 
 
 2.709392 
2.362523e+00 
 
 1.729916 
7.559937e-01 
 
 1.490056 
7.665982e-01 
 
 1.562726 
2.483404e+00 
 
 1.088896 
6.338305e-01 
 
 0.601957 
1.028816e+00 
 
 1.496265 
1.213127e+00 
 
 1.804457 
2.285136e+00 
 
 2.902192 
1.998556e+00 
 
 2.246171 
2.139169e+00 
 
 0.254250 
2.781716e+00 
 
 2.940230 
2.369216e+00 
 
 0.789953 
2.145998e+00 
 
 0.223177 
4.280827e-01 
 
 2.997993 
6.732795e-01 
 
 0.043866 
1.401226e-01 
 
 0.229719 
1.130116e+00 
 
 1.860392 
5.562747e-02 
 
 0.724212 
9.339935e-01 
 
 0.292009 
2.593306e-01 
 
 1.486956 
1.098216e+00 
 
 0.883428 
2.183281e+00 
 
 0.944446 
2.083816e+00 
 
 2.093820 
1.966628e+00 
 
 1.466064 
2.305231e+00 
 
 2.709604 
9.247247e-01 
 
 1.800552 
2.188327e+00 
 
 0.556692 
1.004791e+00 
 
 1.729500 
1.569367e+00 
 
 1.857101 
1.461250e-01 
 
 1.996247 
2.195125e+00 
 
 2.573701 
4.796820e-01 
 
 0.475613 
1.500306e+00 
 
 1.452670 
2.801987e+00 
 
 2.756126 
2.798804e+00 
 
 0.295315 
2.477996e+00 
 
 1.820895 
1.492804e+00 
 
 2.262302 
2.522512e+00 
 
 1.926808 
8.868604e-01 
 
 1.309519 
7.076997e-01 
 
 1.150037 
2.113755e+00 
 
 1.653474 
1.173747e+00 
 
 1.222280 
9.187395e-01 
 
 1.423767 
1.932918e+00 
 
 2.488067 
6.398369e-01 
 
 2.994729 
2.855605e+00 
 
 0.116915 
7.769731e-01 
 
 2.585225 
1.010899e+00 
 
 0.634561 
6.258988e-01 
 
 0.044755 
7.651628e-02 
 
 0.673746 
1.994258e+00 
 
 2.709958 
8.550528e-01 
 
 0.213442 
2.225527e+00 
 
 1.792224 
2.456121e+00 
 
 1.101462 
7.378155e-01 
 
 0.129102 
2.096609e+00 
 
 1.026125 
1.059854e+00 
 
 1.385867 
1.725727e+00 
 
 2.955838 
4.636119e-01 
 
 1.048965 
2.507653e+00 
 
 1.519251 
1.775291e-02 
 
 2.664464 
1.780737e+00 
 
 1.155844 
2.570340e+00 
 
 0.651685 
1.346386e+00 
 
 0.896912 
2.978195e+00 
 
 1.516783 
1.604098e+00 
 
 1.052603 
2.218489e+00 
 
 1.847341 
1.411164e+00 
 
 2.825402 
1.303857e+00 
 
 2.964327 
2.238024e-01 
 
 0.203815 
2.466003e+00 
 
 0.188412 
1.044438e+00 
 
 0.096047 
2.152486e+00 
 
 0.496926 
2.236311e-01 
 
 2.075718 
4.411857e-01 
 
 0.626072 
2.208633e+00 
 
 0.319183 
2.965856e+00 
 
 2.236256 
1.261130e+00 
 
 0.707360 
1.546016e+00 
 
 0.684437 
9.539595e-01 
 
 0.105344 
1.179688e+00 
 
 1.297545 
2.105897e+00 
 
 1.139422 
4.130616e-01 
 
 1.653019 
2.883534e-01 
 
 2.632189 
1.011926e+00 
 
 0.064510 
2.334493e+00 
 
 2.774573 
5.759664e-01 
 
 1.978992 
1.063603e+00 
 
 0.498181 
3.298905e-01 
 
 1.876059 
2.558304e+00 
 
 2.465131 
7.040009e-01 
 
 0.311557 
2.502877e-01 
 
 0.522535 
1.079740e-01 
 
 0.270104 
1.215428e+00 
 
 2.617631 
1.152461e-01 
 
 1.225464 
2.248376e-01 
 
 0.993312 
1.719308e+00 
 
 2.518653 
2.695897e+00 
 
 2.899884 
5.274764e-01 
 
 2.209258 
3.588731e-02 
 
 0.593829 
2.976329e+00 
 
 1.323950 
1.378127e-01 
 
 0.551766 
1.948142e+00 
 
 1.814896 
2.235773e+00 
 
 1.552789 
1.807503e+00 
 
 0.216693 
6.837129e-01 
 
 2.503248 
3.336229e-01 
 
 2.971980 
1.990700e+00 
 
 0.130889 
1.247752e+00 
 
 0.270796 
2.207385e+00 
 
 0.606323 
3.581757e-01 
 
 0.463251 
1.953143e-01 
 
 1.881083 
2.795029e+00 
 
 2.505712 
1.708944e+00 
 
 1.425969 
5.163561e-01 
 
 2.736138 
2.182972e+00 
 
 1.079962 
3.749387e-01 
 
 0.058836 
1.107533e-01 
 
 2.489995 
1.180724e+00 
 
 0.562827 
2.265762e+00 
 
 1.157537 
1.410160e+00 
 
 2.517191 
1.297387e+00 
 
 1.477550 
9.249977e-01 
 
 0.483449 
2.976918e+00 
 
 1.290780 
1.933542e+00 
 
 1.381674 
1.339844e-01 
 
 0.379001 
5.128828e-01 
 
 0.119206 
1.065081e+00 
 
 0.461588 
6.739140e-01 
 
 1.277799 
8.613162e-01 
 
 1.544842 
1.610631e+00 
 
 0.154948 
1.364859e+00 
 
 1.938157 
2.697027e+00 
 
 1.757852 
1.791714e+00 
 
 0.785147 
9.415362e-01 
 
 2.445811 
2.021331e+00 
 
 1.598883 
5.515482e-01 
 
 2.363768 
1.087964e+00 
 
 1.593456 
1.614755e+00 
 
 0.729402 
2.473531e+00 
 
 2.388438 
2.120200e+00 
 
 0.017149 
1.326817e-01 
 
 1.352438 
2.173707e+00 
 
 2.192968 
1.641236e+00 
 
 2.692528 
5.147208e-01 
 
 2.091062 
2.954311e+00 
 
 1.611180 
1.971052e+00 
 
 1.002850 
2.059534e+00 
 
 2.669283 
9.959892e-01 
 
 2.221451 
2.738056e+00 
 
 1.413025 
3.592744e-01 
 
 1.144564 
2.503756e-01 
 
 1.915737 
1.864768e-01 
 
 2.929904 
2.041417e+00 
 
 1.490746 
1.324265e-01 
 
 0.601070 
2.511458e-01 
 
 1.234863 
5.757612e-01 
 
 1.424656 
2.785434e-02 
 
 2.442627 
2.927245e+00 
 
 0.698990 
2.978607e+00 
 
 1.513742 
2.963118e+00 
 
 0.531116 
2.477082e+00 
 
 0.713013 
2.907200e+00 
 
 1.772410 
1.331098e+00 
 
 0.112180 
2.461550e+00 
 
 1.437827 
1.466449e+00 
 
 2.740696 
5.187624e-01 
 
 0.245070 
7.014051e-01 
 
 0.859801 
2.679667e+00 
 
 2.251580 
1.310308e-01 
 
 1.622880 
2.549415e+00 
 
 0.713521 
1.304866e+00 
 
 0.648118 
1.873980e+00 
 
 0.600810 
4.548332e-01 
 
 2.957881 
3.352600e-02 
 
 0.381007 
2.974005e+00 
 
 0.179906 
7.937019e-01 
 
 2.429498 
7.190850e-02 
 
 2.155798 
9.714940e-01 
 
 0.259486 
1.294907e+00 
 
 0.077669 
6.168473e-03 
 
 1.501838 
1.307448e-02 
 
 0.359075 
1.502071e+00 
 
 0.852015 
2.107727e-01 
 
 1.934130 
2.866832e+00 
 
 1.823670 
3.049535e-01 
 
 0.947943 
1.914876e+00 
 
 0.432841 
1.007483e-01 
 
 0.698297 
5.696505e-01 
 
 2.985044 
1.195497e-01 
 
 0.555037 
1.443600e+00 
 
 2.399075 
2.277800e+00 
 
 0.453521 
2.739056e+00 
 
 1.242937 
4.887802e-01 
 
 0.986964 
2.628427e+00 
 
 2.370979 
6.593198e-02 
 
 1.380652 
9.642850e-01 
 
 0.128363 
8.512425e-01 
 
 2.914967 
2.174733e+00 
 
 1.402247 
2.110507e+00 
 
 0.497440 
2.808253e+00 
 
 0.351967 
2.703341e+00 
 
 1.596270 
2.377998e+00 
 
 1.046932 
2.554394e+00 
 
 0.466031 
1.652368e+00 
 
 0.951939 
1.468119e+00 
 
 1.215119 
1.435345e+00 
 
 1.749399 
1.169507e+00 
 
 2.086188 
2.763799e+00 
 
 0.763498 
1.739536e+00 
 
 0.235311 
1.907826e+00 
 
 0.376557 
6.838060e-01 
 
 2.848234 
7.048412e-01 
 
 0.220886 
2.855620e+00 
 
 1.558208 
2.028727e+00 
 
 0.521644 
1.155053e+00 
 
 2.749860 
6.048273e-01 
 
 0.823513 
2.054620e+00 
 
 1.516271 
2.397634e+00 
 
 2.187103 
1.210003e+00 
 
 1.650247 
2.817857e+00 
 
 1.453588 
1.598030e+00 
 
 2.501154 
2.647866e+00 
 
 0.117889 
2.605231e+00 
 
 0.702869 
1.895665e+00 
 
 2.339398 
5.992775e-01 
 
 0.104539 
4.737296e-01 
 
 0.307233 
1.103563e-01 
 
 0.469994 
5.677631e-02 
 
 1.210732 
4.759271e-01 
 
 2.493239 
2.919948e+00 
 
 2.208403 
1.389847e-01 
 
 0.203124 
1.758354e+00 
 
 0.650729 
1.220193e-01 
 
 2.787133 
2.392042e-01 
 
 2.501417 
2.253315e+00 
 
 0.150341 
2.291267e+00 
 
 0.105187 
1.007154e+00 
 
 0.453181 
2.641439e+00 
 
 0.725516 
1.591278e+00 
 
 1.622310 
7.317988e-01 
 
 2.432660 
5.138461e-01 
 
 2.480355 
2.536164e+00 
 
 2.406327 
1.642986e+00 
 
 2.078484 
2.567640e+00 
 
 0.250787 
1.338403e+00 
 
 2.986490 
7.285329e-01 
 
 2.454001 
1.688753e+00 
 
 2.161818 
1.926730e+00 
 
 0.417952 
4.085556e-01 
 
 0.402802 
9.695802e-01 
 
 0.078702 
2.074199e-01 
 
 1.703061 
8.028422e-01 
 
 1.441319 
3.108170e-02 
 
 1.373476 
1.882037e+00 
 
 1.229491 
4.119159e-01 
 
 1.316680 
1.415300e+00 
 
 0.760177 
1.960531e+00 
 
 1.142756 
2.418715e-01 
 
 0.381537 
1.022992e-01 
 
 0.122375 
2.795071e+00 
 
 1.155312 
4.637167e-02 
 
 1.988721 
2.829220e+00 
 
 0.149039 
6.330865e-01 
 
 0.247904 
2.102988e+00 
 
 0.977666 
2.625393e+00 
 
 2.593239 
1.825809e+00 
 
 0.142116 
1.208686e-01 
 
 1.037611 
1.695509e+00 
 
 2.640686 
5.601953e-01 
 
 1.075487 
8.098255e-01 
 
 1.663574 
2.856335e+00 
 
 1.617518 
1.402068e+00 
 
 1.620787 
1.557119e+00 
 
 0.145073 
2.586420e+00 
 
 0.985115 
1.571239e+00 
 
 1.343342 
2.217469e+00 
 
 1.618617 
3.935935e-02 
 
 0.538039 
2.249749e+00 
 
 1.701615 
1.751479e+00 
 
 0.967094 
1.389605e+00 
 
 0.228835 
2.734770e+00 
 
 1.936889 
5.158657e-01 
 
 2.604459 
1.069020e+00 
 
 0.526656 
2.976970e+00 
 
 2.854832 
2.688776e+00 
 
 2.490239 
2.059474e+00 
 
 1.063295 
3.629939e-01 
 
 0.494519 
1.779230e-02 
 
 0.507067 
2.746893e+00 
 
 1.469636 
1.307462e+00 
 
 0.295709 
9.072731e-03 
 
 1.778669 
1.838272e+00 
 
 0.926002 
1.405587e-01 
 
 0.316740 
1.733053e+00 
 
 2.459740 
2.746346e+00 
 
 1.806101 
1.851359e-01 
 
 2.363011 
1.355274e+00 
 
 0.115223 
1.490717e+00 
 
 2.629673 
1.729125e+00 
 
 0.756396 
1.387824e-01 
 
 2.953389 
1.316129e+00 
 
 0.845686 
2.834885e+00 
 
 1.442510 
2.281875e+00 
 
 1.810592 
1.598841e+00 
 
 1.013049 
5.776923e-01 
 
 2.874881 
1.781226e+00 
 
 0.169965 
5.093538e-01 
 
 2.104319 
7.247129e-01 
 
 2.928222 
2.844781e+00 
 
 1.522213 
2.488008e+00 
 
 0.185170 
2.262210e+00 
 
 1.978360 
4.164429e-02 
 
 0.686479 
1.442274e+00 
 
 1.598549 
1.205652e+00 
 
 0.745293 
2.602798e+00 
 
 1.920742 
1.651068e-01 
 
 2.735401 
1.781081e+00 
 
 1.719766 
1.532290e+00 
 
 1.465470 
2.323009e+00 
 
 1.039624 
1.149395e+00 
 
 2.576219 
7.497630e-01 
 
 0.717867 
4.727293e-01 
 
 0.781468 
5.648807e-01 
 
 0.831095 
8.181406e-01 
 
 0.642895 
6.276795e-01 
 
 0.710914 
6.116631e-01 
 
 0.890452 
5.585033e-01 
 
 0.736405 
5.189738e-01 
 
 0.422560 
6.090570e-01 
 
 0.634537 
7.241772e-01 
 
 0.564790 
6.557529e-01 
 
 0.629973 
9.023177e-01 
 
 0.766580 
8.287124e-01 
 
 0.566865 
4.616065e-01 
 
 0.737140 
7.383200e-01 
 
 0.524995 
7.976783e-01 
 
 0.519069 
5.791394e-01 
 
 0.780009 
7.068613e-01 
 
 0.581676 
5.569815e-01 
 
 0.660841 
9.292761e-01 
 
 0.615903 
6.041293e-01 
 
 0.567550 
9.147291e-01 
 
 0.813497 
6.765474e-01 
 
 0.520411 
9.231136e-01 
 
 0.584607 
9.184839e-01 
 
 0.723267 
7.530957e-01 
 
 0.633696 
5.991281e-01 
 
 0.872720 
9.239041e-01 
 
 0.531159 
5.922164e-01 
 
 0.592905 
3.824790e-01 
 
 0.629561 
8.428412e-01 
 
 0.693986 
6.528758e-01 
 
 0.692515 
8.151148e-01 
 
 0.701497 
3.276763e-01 
 
 0.863007 
6.109895e-02 
 
 0.543772 
9.221252e-01 
 
 0.823190 
6.527299e-01 
 
 0.626745 
9.033461e-01 
 
 0.837430 
6.857420e-01 
 
 0.585992 
6.570303e-01 
 
 0.979370 
8.530159e-01 
 
 0.572991 
5.420640e-01 
 
 0.939489 
4.189970e-01 
 
 0.585811 
8.375005e-01 
 
 0.569779 
7.144316e-01 
 
 0.656282 
6.936019e-01 
 
 0.479703 
9.909249e-01 
 
 0.555567 
4.351385e-01 
 
 0.547732 
5.758186e-01 
 
 0.780861 
6.925906e-01 
 
 0.548646 
5.726495e-01 
 
 0.649571 
2.914368e-01 
 
 0.758681 
5.755035e-01 
 
 0.858983 
5.404807e-01 
 
 0.710316 
5.367306e-01 
 
 0.958323 
7.561353e-01 
 
 0.873237 
8.538815e-01 
 
 0.502094 
8.743587e-01 
 
 0.648345 
6.270296e-01 
 
 0.598070 
1.220425e-01 
 
 0.845901 
6.358423e-01 
 
 0.561273 
9.255883e-01 
 
 0.903998 
6.919508e-01 
 
 0.462462 
4.985977e-01 
 
 0.347633 
6.492685e-01 
 
 0.505779 
7.125618e-01 
 
 0.830506 
5.364930e-01 
 
 0.620487 
7.502566e-01 
 
 0.759953 
8.570543e-01 
 
 0.610178 
5.585489e-01 
 
 0.798392 
7.982429e-01 
 
 0.525522 
5.579325e-01 
 
 0.491937 
5.554783e-01 
 
 0.686794 
6.383520e-01 
 
 0.532808 
6.983138e-01 
 
 0.803305 
3.924391e-01 
 
 0.628805 
5.129408e-01 
 
 0.768829 
7.416017e-01 
 
 0.886400 
8.731436e-01 
 
 0.530157 
6.893299e-01 
 
 0.695869 
3.090879e-01 
 
 0.534142 
5.132246e-01 
 
 0.717231 
8.434070e-01 
 
 0.597354 
9.544230e-01 
 
 0.913886 
6.581297e-01 
 
 0.747262 
7.599848e-01 
 
 0.625004 
9.995444e-01 
 
 0.596117 
5.319145e-01 
 
 0.740383 
5.684223e-01 
 
 0.565628 
7.003563e-01 
 
 0.723701 
6.513581e-01 
 
 0.676763 
8.975657e-01 
 
 0.576745 
7.698218e-01 
 
 0.856918 
9.278825e-01 
 
 0.609853 
7.518791e-01 
 
 0.562259 
7.141222e-01 
 
 0.524465 
7.205151e-01 
 
 0.510258 
5.348003e-01 
 
 0.638958 
7.253414e-01 
 
 0.774868 
5.644392e-01 
 
 0.821270 
8.009934e-01 
 
 0.584843 
5.505481e-01 
 
 0.530799 
4.026531e-02 
 
 0.817046 
9.020358e-01 
 
 0.836012 
6.238069e-01 
 
 0.717638 
5.168361e-01 
 
 0.562207 
2.156613e-01 
 
 0.568035 
7.785759e-01 
 
 0.860345 
4.975783e-01 
 
 0.216945 
6.801775e-01 
 
 0.610921 
1.768853e-01 
 
 0.884329 
8.051131e-01 
 
 0.666954 
7.613421e-01 
 
 0.983049 
7.570758e-01 
 
 0.582673 
8.871867e-01 
 
 0.692681 
5.225396e-01 
 
 0.931433 
5.081895e-01 
 
 0.745639 
9.768341e-01 
 
 0.731066 
5.038640e-01 
 
 0.643203 
5.274706e-01 
 
 0.636137 
9.415736e-01 
 
 0.882287 
5.058815e-01 
 
 0.558567 
5.266765e-01 
 
 0.955701 
5.850286e-01 
 
 0.829928 
8.386879e-01 
 
 0.934119 
9.307631e-01 
 
 0.325564 
7.810244e-01 
 
 0.607463 
5.699957e-01 
 
 0.715850 
6.028495e-01 
 
 0.552926 
7.784143e-01 
 
 0.861724 
5.419866e-01 
 
 0.586395 
5.364966e-01 
 
 0.827188 
5.399112e-01 
 
 0.635941 
7.045673e-01 
 
 0.499693 
4.826281e-01 
 
 0.581145 
9.726369e-01 
 
 0.569776 
6.534036e-01 
 
 0.537147 
5.459068e-01 
 
 0.718663 
6.539165e-01 
 
 0.827157 
6.979833e-01 
 
 0.550339 
6.965753e-01 
 
 0.638538 
8.223506e-01 
 
 0.950811 
5.818146e-01 
 
 0.640802 
6.322834e-01 
 
 0.455405 
5.805942e-01 
 
 0.896197 
5.641025e-01 
 
 0.689219 
7.567997e-01 
 
 0.624646 
7.631168e-01 
 
 0.364172 
5.657190e-01 
 
 0.904362 
4.868119e-01 
 
 0.569888 
5.386291e-01 
 
 0.700419 
5.941241e-01 
 
 0.700945 
5.875286e-01 
 
 0.628671 
5.220826e-01 
 
 0.579343 
8.599380e-01 
 
 0.221389 
7.170559e-01 
 
 0.929964 
3.595650e-01 
 
 0.923868 
9.020485e-01 
 
 0.673799 
8.244558e-01 
 
 0.627298 
7.516913e-01 
 
 0.744617 
7.912892e-01 
 
 0.723978 
8.391700e-01 
 
 0.526030 
7.481148e-01 
 
 0.539403 
9.194127e-01 
 
 0.487788 
5.407649e-01 
 
 0.696077 
5.892362e-01 
 
 0.324870 
8.458490e-01 
 
 0.379575 
6.921654e-01 
 
 0.475295 
8.811424e-01 
 
 0.893998 
5.783430e-01 
 
 0.545124 
4.980631e-01 
 
 0.508088 
7.529344e-01 
 
 0.538248 
5.156219e-01 
 
 0.516499 
5.173519e-01 
 
 0.752406 
4.627344e-01 
 
 0.522425 
7.627266e-01 
 
 0.873585 
3.155675e-01 
 
 0.682864 
3.206412e-01 
 
 0.489704 
8.794093e-01 
 
 0.778693 
7.159367e-01 
 
 0.500870 
9.334488e-01 
 
 0.624078 
5.852239e-01 
 
 0.716939 
2.284186e-01 
 
 0.658773 
5.283469e-01 
 
 0.584342 
1.907004e-01 
 
 0.541049 
5.682742e-01 
 
 0.864902 
5.513216e-01 
 
 0.648336 
9.437073e-01 
 
 0.805956 
8.154205e-01 
 
 0.669897 
5.950821e-01 
 
 0.819326 
1.119839e-01 
 
 0.515552 
9.982741e-01 
 
 0.575421 
6.255929e-01 
 
 0.700556 
7.232980e-01 
 
 0.849184 
8.214144e-01 
 
 0.624945 
8.395286e-01 
 
 0.925736 
6.452701e-01 
 
 0.910340 
7.035361e-01 
 
 0.782316 
6.165784e-01 
 
 0.741945 
5.434082e-01 
 
 0.935253 
6.573260e-01 
 
 0.843655 
6.069810e-01 
 
 0.574178 
5.408206e-01 
 
 0.515065 
8.380838e-01 
 
 0.673109 
7.973261e-01 
 
 0.840207 
6.726106e-01 
 
 0.794419 
4.580181e-01 
 
 0.877476 
5.565662e-01 
 
 0.628631 
6.094014e-01 
 
 0.965835 
9.788798e-01 
 
 0.972033 
8.582102e-01 
 
 0.588166 
7.916331e-01 
 
 0.550924 
6.771477e-01 
 
 0.907583 
6.025604e-01 
 
 0.540380 
8.188579e-02 
 
 0.589252 
6.465671e-01 
 
 0.668001 
5.492667e-01 
 
 0.836352 
8.142280e-01 
 
 0.693193 
6.639588e-01 
 
 0.577494 
8.965838e-01 
 
 0.538485 
4.179588e-01 
 
 0.659624 
8.562583e-01 
 
 0.639863 
7.856909e-01 
 
 0.741566 
5.689719e-01 
 
 0.570472 
5.413916e-01 
 
 0.527726 
5.193073e-01 
 
 0.548538 
3.421224e-01 
 
 0.832998 
7.916426e-01 
 
 0.547989 
5.438391e-01 
 
 0.760489 
6.306464e-01 
 
 0.592308 
4.253281e-01 
 
 0.594029 
9.261892e-01 
 
 0.859241 
5.578445e-01 
 
 0.505387 
5.580615e-01 
 
 0.898675 
9.442091e-01 
 
 0.649633 
8.090528e-01 
 
 0.838143 
6.284961e-01 
 
 0.861068 
7.240258e-01 
 
 0.726826 
5.378106e-01 
 
 0.640666 
4.561110e-01 
 
 0.589669 
5.372864e-01 
 
 0.579808 
9.285442e-01 
 
 0.312809 
9.745706e-01 
 
 0.575082 
5.190819e-01 
 
 0.511766 
9.248651e-01 
 
 0.571836 
6.356878e-01 
 
 0.727560 
5.333349e-01 
 
 0.599716 
8.672171e-01 
 
 0.584327 
5.449866e-01 
 
 0.548024 
4.884928e-01 
 
 0.535541 
5.938456e-01 
 
 0 
 
 2.555230 
6.112123e+00 
 
 9.776742 
5.646913e-01 
 
 4.848914 
8.838211e-01 
 
 6.730620 
1.128160e+00 
 
 0.043546 
1.515873e+00 
 
 1.370102 
1.348424e+00 
 
 3.930708 
9.702130e+00 
 
 0.255936 
5.014019e+00 
 
 1.573355 
8.108977e+00 
 
 4.711970 
2.509307e+00 
 
 3.391280 
6.916093e+00 
 
 2.020850 
7.398080e+00 
 
 0.198696 
2.218404e+00 
 
 7.934516 
4.815116e+00 
 
 9.369246 
1.974021e+00 
 
 1.145279 
2.879220e+00 
 
 2.116818 
1.090672e+00 
 
 1.811930 
1.809063e+00 
 
 1.633414 
3.144196e-01 
 
 0.174804 
1.275265e+00 
 
 0.096047 
4.969261e-01 
 
 0.223631 
2.075718e+00 
 
 0.626072 
2.208633e+00 
 
 0.319183 
1.261130e+00 
 
 0.707360 
9.539595e-01 
 
 0.717867 
7.814683e-01 
 
 0.564881 
8.310954e-01 
 
 0.642895 
6.276795e-01 
 
 0.710914 
5.585033e-01 
 
 0.736405 
6.090570e-01 
 
 0 
 
 2.555230 
6.112123e+00 
 
 9.776742 
5.646913e-01 
 
 4.848914 
8.838211e-01 
 
 6.730620 
1.128160e+00 
 
 0.043546 
1.515873e+00 
 
 1.370102 
1.348424e+00 
 
 3.930708 
9.702130e+00 
 
 0.255936 
5.014019e+00 
 
 1.573355 
8.108977e+00 
 
 4.711970 
2.509307e+00 
 
 3.391280 
6.916093e+00 
 
 2.020850 
7.398080e+00 
 
 0.198696 
2.218404e+00 
 
 7.934516 
4.815116e+00 
 
 9.369246 
1.974021e+00 
 
 1.145279 
2.879220e+00 
 
 2.116818 
1.090672e+00 
 
 1.811930 
1.809063e+00 
 
 1.633414 
3.144196e-01 
 
 0.174804 
1.275265e+00 
 
 0.096047 
4.969261e-01 
 
 0.223631 
2.075718e+00 
 
 0.626072 
2.208633e+00 
 
 0.319183 
1.261130e+00 
 
 0.707360 
9.539595e-01 
 
 0.717867 
7.814683e-01 
 
 0.564881 
8.310954e-01 
 
 0.642895 
6.276795e-01 
 
 0.710914 
5.585033e-01 
 
 0.736405 
6.090570e-01 
 
 0 
 
 6.726450 
6.321798e+00 
 
 1.494835 
3.726680e+00 
 
 1.164636 
4.359929e+00 
 
 6.797471 
1.923730e+00 
 
 1.109008 
2.239316e-01 
 
 0.721669 
2.556380e+00 
 
 0.449788 
2.342679e+00 
 
 1.812259 
2.683003e+00 
 
 2.762838 
1.437530e+00 
 
 1.201253 
1.514594e+00 
 
 0.535991 
6.191955e-01 
 
 0.821578 
6.304430e-01 
 
 0.577881 
5.482228e-01 
 
 0.585306 
6.074485e-01 
 
 0.605855 
1.732465e-01 
 
 0 
 
 6.726450 
6.321798e+00 
 
 1.494835 
3.726680e+00 
 
 1.164636 
4.359929e+00 
 
 6.797471 
1.923730e+00 
 
 1.109008 
2.239316e-01 
 
 0.721669 
2.556380e+00 
 
 0.449788 
2.342679e+00 
 
 1.812259 
2.683003e+00 
 
 2.762838 
1.437530e+00 
 
 1.201253 
1.514594e+00 
 
 0.535991 
6.191955e-01 
 
 0.821578 
6.304430e-01 
 
 0.577881 
5.482228e-01 
 
 0.585306 
6.074485e-01 
 
 0.605855 
1.732465e-01 
 
 0 
 
 6.726450 
6.321798e+00 
 
 1.494835 
3.726680e+00 
 
 1.164636 
4.359929e+00 
 
 6.797471 
1.923730e+00 
 
 1.109008 
2.239316e-01 
 
 0.721669 
2.556380e+00 
 
 0.449788 
2.342679e+00 
 
 1.812259 
2.683003e+00 
 
 2.762838 
1.437530e+00 
 
 1.201253 
1.514594e+00 
 
 0.535991 
6.191955e-01 
 
 0.821578 
6.304430e-01 
 
 0.577881 
5.482228e-01 
 
 0.585306 
6.074485e-01 
 
 0.605855 
1.732465e-01 
 
 0 
 
 6.726450 
6.321798e+00 
 
 1.494835 
3.726680e+00 
 
 1.164636 
4.359929e+00 
 
 6.797471 
1.923730e+00 
 
 1.109008 
2.239316e-01 
 
 0.721669 
2.556380e+00 
 
 0.449788 
2.342679e+00 
 
 1.812259 
2.683003e+00 
 
 2.762838 
1.437530e+00 
 
 1.201253 
1.514594e+00 
 
 0.535991 
6.191955e-01 
 
 0.821578 
6.304430e-01 
 
 0.577881 
5.482228e-01 
 
 0.585306 
6.074485e-01 
 
 0.605855 
1.732465e-01 
 
 0 
 
 2.555230 
6.112123e+00 
 
 9.776742 
5.646913e-01 
 
 4.848914 
8.838211e-01 
 
 6.730620 
1.128160e+00 
 
 0.043546 
1.515873e+00 
 
 1.370102 
1.348424e+00 
 
 3.930708 
9.702130e+00 
 
 0.255936 
5.014019e+00 
 
 1.573355 
8.108977e+00 
 
 4.711970 
2.509307e+00 
 
 3.391280 
6.916093e+00 
 
 2.020850 
7.398080e+00 
 
 0.198696 
2.218404e+00 
 
 7.934516 
4.815116e+00 
 
 9.369246 
1.974021e+00 
 
 1.145279 
2.879220e+00 
 
 2.116818 
1.090672e+00 
 
 1.811930 
1.809063e+00 
 
 1.633414 
3.144196e-01 
 
 0.174804 
1.275265e+00 
 
 0.096047 
4.969261e-01 
 
 0.223631 
2.075718e+00 
 
 0.626072 
2.208633e+00 
 
 0.319183 
1.261130e+00 
 
 0.707360 
9.539595e-01 
 
 0.717867 
7.814683e-01 
 
 0.564881 
8.310954e-01 
 
 0.642895 
6.276795e-01 
 
 0.710914 
5.585033e-01 
 
 0.736405 
6.090570e-01 
 
 