1.026269 
0.785863 
0.786548 
0.781824 
0.790543 
0.745521 
0.718713 
0.724846 
0.700077 
0.728245 
0.739548 
0.750061 
0.770329 
0.962216 
0.826082 
0.836392 
0.817272 
0.871294 
0.951294 
1.016597 
0.995389 
1.006872 
0.940098 
1.037264 
1.056768 
7.785106 
7.658234 
7.664657 
7.639867 
7.630307 
7.631070 
7.628354 
7.626293 
7.604344 
7.634533 
7.628310 
7.590491 
7.616971 
7.611891 
7.568093 
7.520780 
7.525822 
7.500665 
7.705667 
7.712860 
7.733655 
7.814631 
7.594326 
7.807525 
7.818299 
0.555570 
0.612780 
0.611766 
0.611799 
0.613144 
0.612588 
0.613288 
0.611535 
0.610895 
0.612599 
0.613559 
0.614295 
0.613060 
0.555451 
0.611624 
0.610372 
0.609938 
0.609576 
0.556970 
0.556166 
0.555594 
0.551412 
0.605253 
0.552704 
0.553267 
