0.971167 
0.903279 
1.034620 
1.013408 
0.979407 
1.048233 
0.976996 
1.093924 
0.988025 
0.849761 
0.994779 
0.973741 
1.020569 
0.887872 
0.807548 
0.983862 
0.955950 
1.055704 
0.937691 
1.032070 
0.921514 
0.788203 
1.062323 
1.027594 
0.857574 
0.950418 
1.003584 
0.961559 
0.941047 
1.012797 
0.950467 
0.836015 
0.723135 
1.058937 
0.873542 
7.729208 
7.811162 
7.658038 
7.838146 
7.849639 
7.827457 
7.647638 
7.506807 
7.663868 
7.781908 
7.743718 
7.693049 
7.689601 
7.742356 
7.841109 
7.712620 
7.804405 
7.503318 
7.554674 
7.886941 
7.678945 
7.651716 
7.888545 
7.821793 
7.771943 
7.672283 
7.500866 
7.835740 
7.879273 
7.894183 
7.574261 
7.784539 
7.617974 
7.515203 
7.784422 
0.566580 
0.567359 
0.565627 
0.568289 
0.568425 
0.566148 
0.583285 
0.564882 
0.566392 
0.567123 
0.565937 
0.571345 
0.568569 
0.564322 
0.566967 
0.566793 
0.571257 
0.583294 
0.568442 
0.566887 
0.568478 
0.582861 
0.564821 
0.564321 
0.566870 
0.566168 
0.571288 
0.566863 
0.565917 
0.566830 
0.566826 
0.571315 
0.582962 
0.583327 
0.565674 
