0 1.074486 
2.466312e+00 2.604476 
2.212290e+00 2.212286 
2.619375e+00 2.010845 
2.615626e+00 2.388026 
2.131066e+00 0.437011 
4.300803e+00 3.498454 
2.976218e+00 2.978748 
3.418890e+00 2.798102 
4.902638e+00 2.788524 
2.888846e+00 0.610928 
6.305220e-01 0.630443 
6.305372e-01 0.630537 
6.304499e-01 0.630464 
6.305767e-01 0.630511 
6.305401e-01 0 9.776742 
5.646913e-01 4.848914 
1.515873e+00 0.723273 
3.930708e+00 9.702130 
2.559359e-01 2.509307 
2.760220e+00 2.020850 
7.398080e+00 0.198696 
1.974021e+00 5.051146 
2.116818e+00 1.090672 
1.811930e+00 1.275265 
1.664214e+00 0.223631 
2.075718e+00 0.626072 
9.539595e-01 2.484196 
5.648807e-01 0.831095 
6.428950e-01 0.609057 
6.316074e-01 