0 4.762145 1.346031 2.166655 0.000000 
0 4.762145 1.346031 2.166655 0.000000 
0 8.773313 1.985246 5.983564 0.000000 
0 1.834950 1.788072 6.277409 0.000000 
0 1.725430 6.133417 6.185677 0.000000 
0 8.773313 1.985246 5.983564 0.000000 
0 8.773313 1.985246 5.983564 0.000000 
0 5.286657 0.073485 2.591167 0.000000 
0 5.286657 0.073485 2.591167 0.000000 
0 5.286657 0.073485 2.591167 0.000000 
0 5.286657 0.073485 2.591167 0.000000 
0 8.773313 1.985246 5.983564 0.000000 
0 8.773313 1.985246 5.983564 0.000000 
0 1.946420 3.068615 6.177205 0.000000 
0 20.353905 4.066506 6.878020 0.000000 
0 20.353905 4.386169 7.861382 0.000000 
0 3.045242 3.865162 5.698421 0.000000 
