0 1.007470 0.182209 0.195471 1.000000 
0 5.966187 0.385227 0.162010 1.000000 
0 6.012708 0.301330 0.141037 1.000000 
1 0.757786 0.206882 0.211293 1.000000 
1 7.850163 0.460869 0.289671 0.000000 
1 7.503414 0.397492 0.237326 0.000000 
1 1.122541 0.118322 0.233875 1.000000 
1 1.108480 0.118322 0.233214 1.000000 
1 8.413512 0.103923 0.096750 0.000000 
1 1.197428 0.131149 0.219708 1.000000 
1 6.596536 0.103923 0.126184 0.000000 
1 7.295763 0.066332 0.130765 1.000000 
1 7.211072 0.087178 0.147209 1.000000 
