0 2.101347 0.350099 0.167992 1.000000 
0 2.101347 0.350099 0.167992 1.000000 
1 NaN 0.580689 NaN 0.000000 
0 2.048818 0.314408 0.183142 1.000000 
1 NaN 0.580689 NaN 0.000000 
0 9.293766 0.408578 0.210322 1.000000 
1 NaN 0.580689 NaN 0.000000 
0 9.293766 0.408578 0.210322 1.000000 
1 NaN 0.580689 NaN 0.000000 
0 9.253766 0.510294 0.130601 1.000000 
1 9.253766 0.510294 0.130601 1.000000 
0 2.044205 0.270549 0.165273 1.000000 
1 2.044205 0.270549 0.165273 1.000000 
0 0.220286 0.369501 0.155999 1.000000 
1 0.220286 0.369501 0.155999 1.000000 
0 0.070518 0.327379 0.158275 1.000000 
1 0.070518 0.327379 0.158275 1.000000 
0 0.070518 0.344165 0.243359 1.000000 
1 0.070518 0.344165 0.243359 1.000000 
0 0.070518 0.348497 0.240210 1.000000 
1 0.070518 0.348497 0.240210 1.000000 
0 0.070518 0.443176 0.412285 0.400000 
1 0.070518 0.443176 0.412285 0.400000 
0 0.070518 0.327379 0.158275 1.000000 
1 0.070518 0.327379 0.158275 1.000000 
0 0.070518 0.380957 0.003784 1.000000 
1 0.070518 0.380957 0.003784 1.000000 
0 0.070518 0.327379 0.158275 1.000000 
1 0.070518 0.327379 0.158275 1.000000 
0 0.220286 0.369501 0.155999 1.000000 
1 0.220286 0.369501 0.155999 1.000000 
0 2.044205 0.270549 0.165273 1.000000 
1 2.044205 0.270549 0.165273 1.000000 
0 0.220286 0.369501 0.155999 1.000000 
1 0.220286 0.369501 0.155999 1.000000 
