N=100, repeats = 10, alpha = 0.5, paccmin=0.1
0 1.007470 0.182209 0.195471 1.000000 
0 5.966187 0.385227 0.162010 1.000000 
0 6.012708 0.301330 0.141037 1.000000 
1 0.594353 0.228910 0.190803 1.000000 
1 8.471899 0.103923 0.102246 0.000000 
1 8.719332 0.066332 0.108562 0.000000 

N=100, repeats = 100, alpha = 0.5, paccmin=0.1
0 0.772693 0.350428 0.190778 1.000000 
0 5.874529 0.284956 0.102913 1.000000 
0 6.046813 0.311769 0.106186 1.000000 
1 0.499586 0.316860 0.198150 1.000000 
1 8.458601 0.103923 0.098286 1.000000 
1 8.502077 0.142829 0.091247 1.000000 

N=100, repeats = 100, alpha = 0.2, paccmin=0.1
0 1.603651 0.385227 0.130945 1.000000 
0 7.196835 0.279285 0.118282 1.000000 
0 7.189345 0.279285 0.105655 1.000000 
1 0.426020 0.221811 0.190068 1.000000 
1 5.043554 0.103923 0.105630 1.000000 
1 2.119699 0.725259 0.203049 1.000000 

N=100, repeats = 10, alpha = 0.5, paccmin=0.05
0 1.007470 0.182209 0.195471 1.000000 
0 5.829965 0.385227 0.148686 1.000000 
0 6.579516 0.301330 0.159114 1.000000 
1 1.117124 0.206882 0.231626 1.000000 
1 8.285662 0.103923 0.095608 0.000000 
1 7.982179 0.103923 0.095969 0.000000 

N=100, repeats = 10, alpha = 0.5, paccmin=0.01
0 1.007470 0.182209 0.195471 1.000000 
0 5.994394 0.385227 0.154124 1.000000 
0 7.129042 0.301330 0.173110 1.000000 
1 0.785124 0.206882 0.213562 1.000000 
1 8.270897 0.103923 0.095767 0.000000 
1 7.854969 0.103923 0.098804 0.000000 

N=100, repeats = 10, alpha = 0.5, paccmin=0.1, Edited Summary Statistic (more timepts)
0 1.172700 0.295973 0.226171 1.000000 
0 5.393448 0.267582 0.151205 1.000000 
0 7.637196 0.267582 0.138312 1.000000 
1 0.594353 0.228910 0.190803 1.000000 
1 8.923377 0.118322 0.120094 0.000000 
1 8.073280 0.206882 0.110197 0.000000 

