1.069960 
1.124891 
1.094794 
1.042898 
1.090645 
1.046537 
1.035505 
1.050135 
1.054826 
1.049259 
1.037392 
1.092335 
1.146616 
1.092242 
1.105058 
1.118045 
1.095548 
1.073188 
1.093874 
1.121436 
1.136399 
1.062298 
0.848809 
1.001865 
1.026194 
1.019213 
1.053074 
1.008503 
0.962017 
0.982889 
1.000507 
1.169247 
1.016965 
1.021165 
0.702532 
0.976622 
1.027278 
1.000429 
1.041220 
0.911025 
0.950350 
0.719517 
0.977188 
0.998671 
1.056508 
1.057874 
1.072566 
1.089637 
0.961273 
0.863120 
1.096902 
1.078508 
1.107667 
1.112395 
1.128316 
1.112269 
1.070556 
1.077278 
1.077486 
1.028596 
1.109621 
0.993963 
0.904871 
1.041352 
0.994701 
1.004732 
1.028442 
0.945442 
0.899455 
0.801447 
0.853967 
0.901539 
0.821389 
0.872248 
1.129508 
0.775168 
0.812309 
0.798978 
0.767466 
0.764408 
0.748880 
0.769499 
0.753642 
0.781579 
0.793342 
0.794684 
0.734398 
0.744859 
0.760380 
0.666967 
0.697286 
0.645574 
1.118983 
0.663776 
0.729210 
0.854607 
0.812801 
1.023045 
0.990564 
0.870297 
7.650070 
7.679070 
7.682653 
7.646641 
7.656121 
7.653886 
7.688105 
7.671481 
7.664576 
7.671674 
7.683294 
7.699695 
7.687305 
7.664316 
7.601635 
7.596750 
7.588548 
7.603026 
7.583036 
7.568171 
7.565192 
7.561071 
7.631093 
7.585469 
7.608012 
7.613406 
7.657134 
7.637657 
7.520425 
7.621858 
7.639565 
7.514854 
7.615610 
7.607282 
7.777366 
7.607516 
7.592615 
7.610016 
7.587414 
7.685420 
7.535638 
7.696599 
7.575455 
7.590650 
7.605893 
7.614971 
7.598539 
7.604311 
7.709124 
7.697988 
7.559656 
7.550739 
7.537740 
7.538333 
7.527248 
7.510938 
7.511354 
7.507474 
7.500472 
7.505200 
7.766747 
7.833227 
7.677189 
7.515826 
7.529405 
7.531361 
7.533103 
7.544288 
7.572126 
7.598058 
7.571260 
7.604843 
7.568946 
7.568358 
7.796761 
7.572383 
7.578693 
7.582555 
7.580430 
7.589089 
7.692028 
7.612410 
7.597234 
7.637902 
7.718439 
7.696199 
7.646084 
7.641682 
7.671739 
7.665473 
7.660363 
7.657453 
7.541781 
7.719309 
7.743859 
7.556712 
7.723892 
7.846629 
7.603181 
7.720195 
0.682926 
0.815455 
0.784981 
0.792879 
0.793237 
0.772312 
0.782879 
0.763324 
0.734224 
0.714970 
0.720554 
0.665289 
0.678820 
0.665053 
0.663925 
0.650832 
0.709678 
0.700810 
0.699318 
0.668371 
0.608438 
0.572970 
0.502938 
0.638620 
0.673553 
0.686157 
0.719398 
0.734293 
0.605389 
0.727853 
0.717468 
0.765370 
0.748102 
0.779725 
0.698075 
0.463218 
0.780225 
0.767590 
0.729815 
0.324005 
0.600008 
0.661502 
0.711285 
0.664562 
0.673152 
0.639518 
0.645837 
0.638652 
0.387124 
0.729905 
0.630119 
0.621173 
0.591437 
0.618380 
0.651523 
0.638265 
0.623047 
0.577706 
0.567531 
0.525728 
0.508149 
0.491470 
0.669739 
0.490341 
0.464657 
0.471060 
0.446267 
0.437727 
0.448726 
0.737596 
0.397052 
0.670961 
0.368167 
0.294622 
0.519295 
0.289048 
0.318494 
0.553345 
0.300848 
0.284328 
0.474530 
0.281770 
0.276240 
0.283357 
0.304753 
0.323956 
0.311584 
0.289026 
0.329266 
0.301817 
0.326440 
0.284843 
0.740926 
0.299594 
0.248864 
0.588009 
0.278148 
0.651766 
0.418346 
0.207030 
