1.043361 
0.767513 
0.802650 
1.038737 
0.805460 
0.806103 
0.752012 
0.714973 
0.614981 
0.780359 
0.828223 
0.797905 
0.758791 
0.656940 
1.022359 
0.765340 
1.026144 
0.707602 
0.744724 
0.774107 
0.797089 
0.835263 
1.020821 
0.694749 
0.817685 
0.687080 
1.021874 
0.834881 
0.975379 
0.849636 
0.805960 
1.002763 
0.809138 
0.638780 
0.801849 
0.603993 
0.948156 
0.849482 
0.793354 
0.776002 
0.751352 
0.818935 
0.884993 
0.594978 
0.671395 
0.795237 
1.005612 
0.616023 
0.646949 
0.660958 
0.995325 
0.667915 
0.822900 
0.893855 
0.682762 
0.830000 
0.813982 
0.609819 
0.601679 
0.853212 
0.681967 
0.835167 
0.837838 
0.688606 
0.587149 
0.677170 
0.808134 
0.492312 
1.026679 
0.776937 
1.020514 
0.956756 
0.628777 
0.856044 
0.763250 
0.779467 
0.839685 
0.750352 
1.062758 
0.461368 
1.059533 
0.863713 
0.623538 
0.627525 
1.109986 
1.008464 
0.606982 
0.616360 
0.913547 
0.438912 
0.428972 
0.745600 
1.142666 
1.132778 
0.671795 
0.817773 
1.098792 
0.410267 
0.890311 
0.637603 
7.714881 
7.712403 
7.761868 
7.603695 
7.795959 
7.720275 
7.626160 
7.731190 
7.773439 
7.779033 
7.714031 
7.735949 
7.787798 
7.762828 
7.564314 
7.618563 
7.537688 
7.757887 
7.812100 
7.751090 
7.565859 
7.781436 
7.546556 
7.707821 
7.625296 
7.729856 
7.564174 
7.612929 
7.549640 
7.625948 
7.802199 
7.555402 
7.609102 
7.730834 
7.716526 
7.726842 
7.602566 
7.631112 
7.845266 
7.610491 
7.839355 
7.710969 
7.797477 
7.794662 
7.867825 
7.620250 
7.609068 
7.893188 
7.896043 
7.799812 
7.598195 
7.877692 
7.723508 
7.711177 
7.889355 
7.768471 
7.671389 
7.748782 
7.710308 
7.770371 
7.947386 
7.718970 
7.766115 
8.019087 
7.757267 
7.995960 
7.703566 
7.832266 
7.658663 
7.691988 
7.760474 
7.702604 
8.061738 
7.754871 
7.657337 
7.698143 
7.728326 
7.726248 
7.625129 
7.765174 
7.618282 
7.703027 
8.019678 
8.019901 
7.596953 
7.675768 
8.023213 
8.042297 
7.685482 
7.833648 
7.871096 
7.583760 
7.833980 
7.581900 
8.080138 
7.590552 
7.568122 
7.874824 
7.691426 
8.139685 
0.622201 
0.434307 
0.437344 
0.688357 
0.432136 
0.418274 
0.746993 
0.442647 
0.456709 
0.440128 
0.381735 
0.404495 
0.440564 
0.455084 
0.686123 
0.719409 
0.672315 
0.431495 
0.445473 
0.402425 
0.694082 
0.385332 
0.681238 
0.428084 
0.675612 
0.451969 
0.701138 
0.719025 
0.713388 
0.589905 
0.411403 
0.690788 
0.729510 
0.496375 
0.387177 
0.514265 
0.696458 
0.602047 
0.403824 
0.721327 
0.443306 
0.393612 
0.374214 
0.513766 
0.412525 
0.697533 
0.668461 
0.385170 
0.378542 
0.559537 
0.664709 
0.627038 
0.406868 
0.723386 
0.355087 
0.398584 
0.675104 
0.617567 
0.627210 
0.413855 
0.345755 
0.626882 
0.395001 
0.341104 
0.682853 
0.318905 
0.635439 
0.681888 
0.650635 
0.638958 
0.452787 
0.414674 
0.317943 
0.390473 
0.645319 
0.622177 
0.417781 
0.630060 
0.656723 
0.689955 
0.647547 
0.371301 
0.333374 
0.334159 
0.687404 
0.379703 
0.343558 
0.327551 
0.384528 
0.689217 
0.733811 
0.748731 
0.748141 
0.657545 
0.324428 
0.779906 
0.647503 
0.759131 
0.418207 
0.382568 
