0.884179 
0.723601 
0.722900 
0.903525 
0.741650 
0.832760 
0.738942 
0.891203 
0.687534 
0.867112 
0.852859 
0.807661 
0.830117 
0.813826 
1.062877 
0.926983 
0.689065 
1.090242 
0.736017 
0.936868 
0.696739 
0.876611 
0.744114 
0.833472 
0.887275 
0.914431 
0.679445 
0.979732 
0.904970 
0.826932 
1.053545 
0.696565 
0.742275 
1.004822 
0.893380 
0.862288 
0.938830 
0.781604 
0.694541 
0.836204 
0.952519 
0.940095 
0.728257 
0.809586 
0.800045 
0.829082 
0.689040 
1.077182 
0.730384 
0.703126 
0.752058 
0.918213 
0.777538 
0.726328 
0.929467 
1.082123 
0.896964 
0.990087 
0.808677 
1.097194 
0.958973 
1.107291 
0.916827 
0.823228 
0.943591 
0.979161 
0.772208 
0.992037 
0.945168 
0.913214 
0.705271 
0.953266 
1.082279 
0.694708 
0.798123 
0.859343 
0.776296 
0.870114 
0.895529 
0.968572 
0.953992 
0.705577 
0.892214 
1.039887 
0.860347 
1.140945 
0.738426 
0.838280 
0.785183 
0.946696 
1.111076 
0.790831 
1.017851 
0.921161 
0.940161 
0.772987 
0.960977 
0.753411 
0.944054 
1.069087 
7.565511 
7.817714 
7.807214 
7.862787 
7.809288 
7.842618 
7.820759 
7.648939 
7.481736 
7.793764 
7.760058 
7.565017 
7.601851 
7.618290 
7.599061 
7.872314 
7.669040 
7.644239 
7.510385 
7.627331 
7.435505 
7.766417 
7.468308 
7.622750 
7.757463 
7.623907 
7.646316 
7.872788 
7.597123 
7.816509 
7.835526 
7.467414 
7.627513 
7.552336 
7.688726 
7.724645 
7.544604 
7.609292 
7.685691 
7.751616 
7.585244 
7.564032 
7.571570 
7.705927 
7.757282 
7.453741 
7.678062 
7.848992 
7.670702 
7.456814 
7.796744 
7.585140 
7.600428 
7.479529 
7.719405 
7.767686 
7.601656 
7.880399 
7.418651 
7.881648 
7.721714 
7.764254 
7.530944 
7.675581 
7.568423 
7.879367 
7.772426 
7.740658 
7.877849 
7.910976 
7.600047 
7.558287 
7.788067 
7.712237 
7.667104 
7.622249 
7.494903 
7.592470 
7.932396 
7.833461 
7.551146 
7.825680 
7.667730 
7.746725 
7.610282 
7.677419 
7.766038 
7.863876 
7.584988 
7.610479 
7.725430 
7.773417 
7.741325 
7.698439 
7.551329 
7.421518 
7.843163 
7.504536 
7.817511 
7.701501 
0.604701 
0.724511 
0.706636 
0.725733 
0.728034 
0.702695 
0.736027 
0.535348 
0.621037 
0.702426 
0.698119 
0.518446 
0.579490 
0.594238 
0.574187 
0.470205 
0.600379 
0.584017 
0.472735 
0.667490 
0.603314 
0.684706 
0.673747 
0.600627 
0.677528 
0.634104 
0.651716 
0.647025 
0.654587 
0.693473 
0.795913 
0.618172 
0.608274 
0.818468 
0.475759 
0.511702 
0.835075 
0.604072 
0.655398 
0.482146 
0.535054 
0.806257 
0.751096 
0.476981 
0.723060 
0.761866 
0.552551 
0.613855 
0.538639 
0.643154 
0.695742 
0.776543 
0.624516 
0.690825 
0.485514 
0.744264 
0.555600 
0.623770 
0.768019 
0.635746 
0.416990 
0.801059 
0.639341 
0.704709 
0.527813 
0.572270 
0.424695 
0.389950 
0.495118 
0.539254 
0.777447 
0.497922 
0.531269 
0.655000 
0.699019 
0.536862 
0.450320 
0.778425 
0.429740 
0.471254 
0.641951 
0.386451 
0.474192 
0.513396 
0.546673 
0.579366 
0.714165 
0.519318 
0.644470 
0.640335 
0.833897 
0.696133 
0.670031 
0.676241 
0.515971 
0.734218 
0.435008 
0.679970 
0.576745 
0.688923 
