1.091463 
1.068528 
1.119874 
1.117674 
1.121049 
1.130375 
1.116771 
1.064105 
1.105194 
1.132822 
1.161090 
1.178081 
1.174813 
1.256453 
1.261533 
1.241690 
1.305322 
1.302899 
1.289478 
1.257292 
1.226223 
1.248981 
1.235221 
1.245859 
1.253829 
1.295032 
1.316630 
1.266934 
1.250853 
1.238163 
1.277139 
1.244975 
1.234461 
1.230903 
1.231225 
1.240583 
1.261133 
1.276606 
1.266756 
1.322655 
1.327423 
1.369654 
1.393559 
1.427962 
1.412011 
1.419708 
1.429254 
1.427348 
1.433858 
1.400593 
1.415277 
1.426254 
1.423086 
1.372861 
1.359631 
1.328978 
1.332221 
1.328856 
1.281142 
1.292495 
1.319257 
1.349591 
1.351205 
1.364233 
1.375378 
1.353172 
1.324865 
1.350971 
1.347143 
1.350669 
1.395854 
1.442237 
1.474640 
1.415623 
1.415140 
1.404608 
1.402966 
1.441567 
1.459066 
1.467368 
1.400659 
1.401752 
1.377794 
1.340558 
1.339647 
1.330973 
1.347660 
1.357704 
1.383701 
1.412511 
1.391714 
1.392042 
1.432194 
1.498095 
1.532076 
1.485514 
1.489248 
1.500186 
1.469179 
1.486490 
7.589309 
7.570380 
7.612861 
7.597579 
7.598360 
7.664920 
7.655826 
7.679053 
7.715061 
7.678385 
7.632506 
7.659521 
7.665302 
7.682043 
7.661778 
7.659038 
7.633152 
7.634505 
7.658055 
7.654023 
7.716136 
7.705894 
7.687714 
7.692305 
7.669519 
7.670761 
7.643038 
7.628189 
7.616671 
7.613133 
7.584732 
7.577005 
7.601220 
7.623048 
7.596913 
7.572063 
7.549649 
7.545779 
7.571975 
7.559351 
7.550873 
7.557632 
7.560346 
7.560152 
7.547719 
7.562719 
7.552164 
7.538379 
7.558894 
7.604788 
7.589268 
7.564128 
7.593599 
7.630012 
7.671148 
7.640297 
7.608687 
7.624471 
7.649319 
7.648815 
7.629194 
7.654758 
7.671921 
7.691590 
7.698155 
7.653144 
7.656453 
7.606450 
7.570793 
7.583255 
7.582109 
7.603322 
7.593685 
7.606631 
7.593542 
7.613436 
7.636427 
7.603133 
7.598446 
7.589132 
7.668332 
7.672406 
7.639880 
7.592811 
7.581141 
7.598907 
7.597188 
7.603567 
7.574506 
7.577316 
7.545901 
7.537463 
7.511641 
7.464714 
7.465363 
7.453150 
7.459796 
7.431476 
7.414207 
7.431578 
0.480185 
0.501309 
0.494015 
0.471370 
0.463435 
0.428311 
0.483251 
0.463083 
0.467501 
0.437307 
0.415625 
0.392550 
0.394101 
0.390913 
0.385419 
0.395187 
0.428192 
0.459963 
0.470734 
0.488314 
0.532277 
0.518013 
0.509589 
0.529278 
0.521724 
0.520718 
0.484034 
0.465497 
0.465381 
0.489276 
0.521267 
0.542716 
0.589338 
0.566562 
0.585262 
0.589695 
0.595554 
0.542444 
0.547431 
0.541178 
0.515720 
0.533247 
0.524108 
0.504552 
0.513426 
0.521573 
0.553207 
0.540718 
0.555794 
0.548406 
0.550279 
0.555156 
0.570880 
0.604361 
0.622998 
0.653103 
0.667427 
0.703837 
0.709696 
0.690977 
0.694643 
0.687315 
0.717125 
0.654309 
0.694559 
0.709331 
0.717894 
0.701901 
0.697782 
0.699510 
0.672840 
0.697315 
0.660639 
0.659459 
0.635903 
0.638059 
0.683250 
0.671270 
0.671790 
0.683979 
0.689758 
0.690657 
0.704281 
0.715972 
0.717844 
0.738158 
0.730110 
0.693987 
0.691633 
0.707601 
0.694593 
0.675407 
0.639493 
0.609858 
0.667805 
0.708954 
0.733254 
0.749202 
0.780422 
0.831072 
