0.963939 
1.099829 
1.010807 
1.034081 
0.882924 
0.526004 
0.645708 
1.103586 
0.956006 
0.890882 
0.383756 
1.304415 
1.175686 
1.205680 
1.004863 
0.885566 
1.026406 
0.704606 
0.917462 
1.014951 
1.023625 
1.174152 
1.013473 
0.892773 
0.879541 
1.016147 
0.909545 
1.029185 
0.688931 
0.348789 
0.591920 
0.819115 
0.799578 
1.179732 
1.243055 
1.106970 
1.096337 
0.809153 
0.495447 
0.625501 
0.249554 
0.641801 
0.969791 
1.001092 
1.412754 
1.330017 
0.983493 
0.933578 
0.279040 
0.576996 
0.464225 
0.981329 
1.045350 
1.198194 
0.673566 
0.582859 
1.065660 
0.982165 
0.857358 
0.799048 
0.873288 
0.963033 
1.017212 
1.142995 
1.178061 
0.324868 
1.232605 
1.029673 
1.030813 
0.479747 
0.920439 
0.783949 
0.854511 
0.882190 
1.224236 
0.772217 
0.985147 
0.796053 
1.013286 
0.597822 
1.240920 
0.724610 
1.002885 
1.069335 
0.562439 
1.285320 
0.987837 
1.036757 
0.699433 
0.711170 
1.089353 
1.081967 
0.294340 
1.060920 
0.983732 
0.377639 
0.965064 
1.031516 
0.989172 
1.123130 
7.629609 
7.635874 
7.872383 
7.727805 
7.445255 
7.997327 
7.352294 
7.487049 
7.269371 
7.551510 
7.924260 
7.517633 
7.714146 
7.317327 
7.949717 
7.913873 
7.805960 
7.568768 
7.983776 
7.933221 
7.846099 
7.332656 
7.830286 
7.883826 
7.845086 
7.782922 
7.757934 
7.878307 
7.512617 
7.821322 
7.807162 
7.533172 
7.993788 
7.502004 
7.984451 
7.684935 
7.715491 
8.006164 
7.319316 
7.858390 
7.590168 
7.945165 
7.491433 
7.535214 
6.379004 
6.428633 
7.581542 
7.547387 
7.851640 
7.900452 
7.813176 
7.422454 
7.642688 
7.924449 
7.777392 
7.479262 
7.818174 
7.599636 
8.051042 
7.809589 
7.758711 
7.452435 
7.875922 
7.330992 
7.919652 
7.929540 
7.922071 
7.698857 
7.930005 
7.833697 
7.889679 
7.475555 
7.778240 
7.760577 
7.656571 
7.383978 
7.678184 
7.805432 
7.858831 
7.487993 
7.923310 
7.869437 
7.851506 
7.849572 
7.384705 
7.724611 
7.681353 
8.121858 
7.746874 
7.464353 
7.738913 
8.114485 
8.045214 
8.127819 
7.610448 
7.979842 
7.295707 
7.872886 
8.193072 
7.820415 
0.680061 
0.543724 
0.553411 
0.765115 
0.551323 
0.594438 
0.572291 
0.541887 
0.790327 
0.552263 
0.622250 
0.166872 
0.544727 
0.216686 
0.562424 
0.551422 
0.578828 
0.579193 
0.549264 
0.570748 
0.558559 
0.264024 
0.613610 
0.561707 
0.565169 
0.636018 
0.563025 
0.598163 
0.581463 
0.657168 
0.590463 
0.569346 
0.556350 
0.291844 
0.290427 
0.382962 
0.399600 
0.565093 
0.595520 
0.572306 
0.715777 
0.580171 
0.737224 
0.537975 
0.530610 
0.539443 
0.556274 
0.554007 
0.667385 
0.581537 
0.610773 
0.631261 
0.439643 
0.329583 
0.571338 
0.583242 
0.441740 
0.692170 
0.558498 
0.568365 
0.563573 
0.618210 
0.565153 
0.298339 
0.341024 
0.654137 
0.305418 
0.708883 
0.613841 
0.598539 
0.544912 
0.563022 
0.558072 
0.555928 
0.259122 
0.561935 
0.672824 
0.564987 
0.623161 
0.589788 
0.272850 
0.564183 
0.779609 
0.443862 
0.594357 
0.203743 
0.687375 
0.593185 
0.567270 
0.559722 
0.401128 
0.470557 
0.662860 
0.578574 
0.530820 
0.632469 
0.641069 
0.525355 
0.549399 
0.546360 
