1.130011 
1.222713 
1.168668 
1.191132 
1.329771 
1.309063 
1.233288 
1.213591 
1.087596 
1.151169 
1.150736 
1.250546 
1.260160 
1.280503 
1.107552 
1.252783 
1.096064 
1.251538 
1.326122 
1.096917 
1.140056 
1.130324 
1.110478 
1.139037 
0.991929 
1.044349 
1.099241 
1.135316 
1.193206 
1.037969 
1.229219 
1.278240 
1.339611 
1.098438 
1.123659 
1.005234 
1.326785 
1.031326 
0.965332 
1.246660 
1.153131 
1.251103 
1.005940 
1.090273 
1.019463 
1.134585 
1.015628 
1.105360 
1.220943 
1.313709 
1.223869 
1.192166 
1.139899 
1.073990 
1.130074 
1.311821 
1.101463 
1.197964 
1.075171 
1.326119 
1.257898 
1.073737 
1.070317 
1.064318 
1.163449 
1.324088 
1.074576 
1.236296 
1.193241 
0.980481 
1.245158 
1.298224 
1.058223 
1.180350 
1.271703 
0.992328 
1.252320 
1.261807 
1.249515 
1.208220 
0.988328 
0.982232 
1.027891 
1.099750 
1.183453 
1.146908 
1.266337 
1.338516 
1.267283 
1.194179 
1.280139 
1.256975 
1.000498 
1.196740 
0.993084 
1.125959 
1.277173 
1.160139 
1.297945 
1.183035 
1.030865 
1.303283 
1.122348 
1.086876 
1.197945 
1.278181 
1.280787 
1.266839 
1.120002 
1.131662 
0.980461 
1.054655 
1.297994 
1.031797 
1.213337 
1.142958 
1.224484 
1.145861 
1.346621 
1.018502 
1.021372 
1.167729 
1.211580 
1.175106 
1.235879 
1.032944 
1.024533 
1.275694 
1.260979 
1.226780 
1.114677 
1.021875 
1.021365 
1.016435 
1.272458 
1.330941 
1.088116 
1.128116 
1.329869 
1.055814 
1.126455 
1.119447 
1.118069 
1.261914 
1.141288 
1.124529 
1.209340 
0.973081 
1.177189 
1.207749 
1.115685 
1.161681 
1.242359 
1.235005 
1.284868 
1.284547 
1.105748 
1.284641 
1.135962 
1.020137 
1.174955 
1.153521 
1.102826 
1.174324 
1.272054 
1.088529 
1.338187 
1.013485 
1.072207 
1.103439 
0.960061 
1.266468 
1.010775 
1.131702 
1.158209 
1.230380 
1.207488 
1.242981 
1.201326 
0.979314 
1.252416 
1.283803 
1.246388 
1.095338 
1.148529 
1.046812 
1.082926 
1.162894 
0.975686 
1.121126 
1.168242 
1.287481 
0.988877 
1.317575 
1.205150 
1.052050 
1.170252 
1.255127 
1.198937 
1.294017 
0.979506 
1.113708 
1.327464 
1.259858 
1.043187 
1.157911 
1.200967 
1.127845 
1.127136 
1.249137 
1.288786 
1.028009 
1.164898 
1.234503 
0.992962 
1.307351 
1.240359 
1.067462 
1.257581 
1.288342 
1.266391 
1.218058 
1.064412 
1.278126 
1.251847 
1.215933 
1.055763 
1.307004 
1.296089 
1.102913 
1.131008 
1.200576 
1.094287 
1.115342 
1.177017 
1.356804 
1.216380 
1.096657 
1.314607 
0.996030 
1.286022 
1.279485 
1.119423 
1.323503 
1.069263 
1.337540 
1.276208 
1.018759 
1.124290 
1.241754 
1.001361 
1.037861 
1.315023 
1.146392 
1.126954 
1.151381 
1.158618 
1.174446 
0.998916 
1.231636 
1.242181 
1.332342 
1.049647 
1.333519 
1.220809 
1.098503 
1.164556 
1.081450 
1.312735 
1.333858 
1.266466 
1.241428 
1.144918 
1.155408 
1.338946 
1.342600 
1.193112 
0.968631 
1.094616 
1.318091 
1.282975 
1.304222 
1.148665 
1.067834 
1.036700 
1.268074 
1.066485 
1.246017 
1.119853 
1.251371 
1.147495 
1.041552 
1.220559 
1.281929 
1.181797 
0.991963 
1.261111 
1.267661 
1.137077 
1.001674 
1.081487 
1.167681 
1.122971 
1.177880 
1.167984 
1.002229 
1.166188 
1.102450 
1.156014 
1.117982 
1.095934 
1.116481 
1.063096 
1.298323 
0.995880 
1.021862 
0.971380 
1.023926 
1.089863 
1.049296 
0.989919 
1.140477 
1.286727 
1.172301 
1.031447 
1.343675 
1.116477 
1.234534 
1.091225 
1.283017 
1.099337 
1.064854 
1.249876 
1.294935 
1.308907 
1.101147 
1.213273 
1.130164 
1.212682 
1.145698 
1.258521 
1.297148 
1.303956 
1.118166 
1.258021 
1.078293 
1.209266 
1.092092 
1.029141 
1.022091 
1.149640 
1.004442 
1.124971 
1.061482 
0.998717 
1.289443 
1.303390 
1.207261 
1.039933 
1.170702 
1.245934 
1.041664 
1.206462 
1.084376 
1.310405 
1.085114 
1.183262 
1.155392 
1.204179 
1.346053 
1.014305 
1.334841 
1.127214 
0.970067 
1.094469 
1.107996 
1.141408 
1.169224 
1.102996 
1.252532 
1.243652 
1.301329 
1.223127 
1.125240 
1.260474 
1.156903 
1.101556 
1.085224 
1.069275 
1.103889 
1.271940 
1.119712 
1.107251 
1.129316 
1.042305 
1.153265 
1.075636 
1.252268 
1.073090 
1.150702 
1.137035 
1.008544 
0.962081 
1.124465 
0.968438 
1.355149 
1.329112 
1.050755 
1.050912 
1.014201 
1.206262 
1.011574 
1.104620 
1.147038 
1.070980 
1.028277 
1.172084 
1.115673 
1.071030 
0.974389 
1.159455 
0.979014 
1.073948 
0.972997 
1.283747 
1.325126 
1.154323 
1.159973 
1.056923 
1.072014 
1.092795 
1.050031 
1.237989 
1.065353 
1.256077 
1.277486 
0.551225 
0.552086 
0.376875 
0.237927 
0.525593 
0.256863 
0.605579 
0.321639 
0.616509 
0.396567 
0.419431 
0.528815 
0.529982 
0.329485 
0.281153 
0.504561 
0.517118 
0.528886 
0.254555 
0.443203 
0.601535 
0.411024 
0.611238 
0.590689 
0.451096 
0.355707 
0.222005 
0.499344 
0.428570 
0.315093 
0.542750 
0.340623 
0.265149 
0.510832 
0.395768 
0.460979 
0.292005 
0.287592 
0.398831 
0.580501 
0.437443 
0.358938 
0.409771 
0.322387 
0.376772 
0.598214 
0.350116 
0.611235 
0.243343 
0.565148 
0.541009 
0.424950 
0.569189 
0.333249 
0.397615 
0.579691 
0.311135 
0.503710 
0.598220 
0.334328 
0.404979 
0.510415 
0.591577 
0.310191 
0.433647 
0.451462 
0.596672 
0.307437 
0.311567 
0.378875 
0.507176 
0.367313 
0.485060 
0.517469 
0.466368 
0.262587 
0.429724 
0.261969 
0.290355 
0.491457 
0.309647 
0.510187 
0.566204 
0.289136 
0.464617 
0.451161 
0.284102 
0.558915 
0.443576 
0.447534 
0.438325 
0.559413 
0.554797 
0.433299 
0.411581 
0.421537 
0.321966 
0.461493 
0.539193 
0.522749 
0.575525 
0.397807 
0.405163 
0.357623 
0.307671 
0.576002 
0.456529 
0.509395 
0.573695 
0.391314 
0.404978 
0.356306 
0.308204 
0.431311 
0.243144 
0.359218 
0.223384 
0.276542 
0.287941 
0.381911 
0.578976 
0.418532 
0.482175 
0.454947 
0.298260 
0.550784 
0.562654 
0.428475 
0.424963 
0.357464 
0.417558 
0.273804 
0.565872 
0.531970 
0.291696 
0.478726 
0.610533 
0.422032 
0.396914 
0.298143 
0.604331 
0.406678 
0.296049 
0.462639 
0.455680 
0.418728 
0.334085 
0.432535 
0.469631 
0.589010 
0.453825 
0.487046 
0.272446 
0.585733 
0.570671 
0.562659 
0.410423 
0.298292 
0.601066 
0.241685 
0.309000 
0.469406 
0.375898 
0.519127 
0.314000 
0.375796 
0.481735 
0.421073 
0.382499 
0.378724 
0.417227 
0.283038 
0.299633 
0.484545 
0.501205 
0.293862 
0.542715 
0.258863 
0.323623 
0.429509 
0.495173 
0.477802 
0.347763 
0.398055 
0.461656 
0.280945 
0.485253 
0.435843 
0.429852 
0.475661 
0.483339 
0.347445 
0.442636 
0.541541 
0.322256 
0.316022 
0.497291 
0.300551 
0.532650 
0.503127 
0.390012 
0.589165 
0.318077 
0.364461 
0.294420 
0.241953 
0.574741 
0.402272 
0.350085 
0.318127 
0.320397 
0.365212 
0.257672 
0.487511 
0.466191 
0.293069 
0.296984 
0.428773 
0.476825 
0.227002 
0.341635 
0.493828 
0.352424 
0.534167 
0.373131 
0.291407 
0.380945 
0.372702 
0.530349 
0.388013 
0.378038 
0.250131 
0.393872 
0.377974 
0.478983 
0.544863 
0.331161 
0.393943 
0.310936 
0.454284 
0.401373 
0.440138 
0.410867 
0.442209 
0.385024 
0.597076 
0.480870 
0.545820 
0.433794 
0.495562 
0.604893 
0.429379 
0.282552 
0.455723 
0.387412 
0.415123 
0.378644 
0.423836 
0.332631 
0.512224 
0.309159 
0.296662 
0.314369 
0.264142 
0.280754 
0.578767 
0.329128 
0.333621 
0.561137 
0.449086 
0.534459 
0.472022 
0.607531 
0.239781 
0.486262 
0.285168 
0.375720 
0.395855 
0.271910 
0.375611 
0.321983 
0.267494 
0.481501 
0.405718 
0.423814 
0.282219 
0.397610 
0.537497 
0.270963 
0.468536 
0.363835 
0.288105 
0.473830 
0.321745 
0.501626 
0.386163 
0.565003 
0.567908 
0.355502 
0.341170 
0.372760 
0.405613 
0.377773 
0.522292 
0.392315 
0.339712 
0.358533 
0.379740 
0.296798 
0.359038 
0.366187 
0.587569 
0.326275 
0.315906 
0.419491 
0.347894 
0.321076 
0.282685 
0.344892 
0.296809 
0.408022 
0.366840 
0.472586 
0.276993 
0.478962 
0.434909 
0.300553 
0.461179 
0.340340 
0.240839 
0.468311 
0.466697 
0.551512 
0.549647 
0.244845 
0.314374 
0.292204 
0.333095 
0.554702 
0.345504 
0.534448 
0.312893 
0.328960 
0.348717 
0.507358 
0.523283 
0.280341 
0.337905 
0.342136 
0.300719 
0.489081 
0.370954 
0.333536 
0.377235 
0.286449 
0.333657 
0.544203 
0.536676 
0.226109 
0.390222 
0.300270 
0.299384 
0.287048 
0.537345 
0.478899 
0.419487 
0.253584 
0.440847 
0.305018 
0.494780 
0.374589 
0.563103 
0.375936 
0.468503 
0.342207 
0.612833 
0.505922 
0.566408 
0.224460 
0.527119 
0.289713 
0.487245 
0.396974 
0.386235 
0.453505 
0.507157 
0.408336 
0.408388 
0.366812 
0.423196 
0.502668 
0.414228 
0.404703 
0.307715 
0.292450 
0.248057 
0.592683 
0.507274 
0.345944 
0.457673 
0.522820 
0.339399 
0.339716 
0.400121 
0.358943 
0.479731 
0.373929 
0.314321 
0.375396 
0.469209 
0.351334 
0.397336 
0.421274 
0.276228 
0.316908 
0.401795 
0.402825 
0.591076 
0.428912 
0.379656 
0.299033 
0.393821 
0.584738 
0.362360 
0.365954 
0.253254 
0.421649 
0.580342 
0.516380 
0.271653 
0.609532 
0.362193 
0.227993 
0.345158 
0.244496 
0.283812 
0.602966 
0.747887 
0.546505 
0.644548 
0.674485 
0.647148 
0.504966 
0.689934 
0.625603 
0.475349 
0.640106 
0.632471 
0.722425 
0.768515 
0.503308 
0.609909 
0.567420 
0.693996 
0.666849 
0.574746 
0.579631 
0.729195 
0.585108 
0.577231 
0.720568 
0.496581 
0.587891 
0.532984 
0.484624 
0.697112 
0.720524 
0.478818 
0.710294 
0.460672 
0.631563 
0.771260 
0.700419 
0.698671 
0.558390 
0.681852 
0.465951 
0.657340 
0.515687 
0.598648 
0.711050 
0.595170 
0.706278 
0.550993 
0.680680 
0.479167 
0.666002 
0.546070 
0.610727 
0.458778 
0.521863 
0.705177 
0.517211 
0.632624 
0.573261 
0.719810 
0.549216 
0.577115 
0.569666 
0.762798 
0.751017 
0.516209 
0.583127 
0.669202 
0.656690 
0.528407 
0.681093 
0.691578 
0.636959 
0.670732 
0.718386 
0.514988 
0.526853 
0.692475 
0.413223 
0.495196 
0.709379 
0.695505 
0.586700 
0.508169 
0.678963 
0.643798 
0.687365 
0.534329 
0.671344 
0.420502 
0.707265 
0.496941 
0.592407 
0.590274 
0.564223 
0.617261 
0.503120 
0.605189 
0.596301 
0.558025 
0.592388 
0.496644 
0.604651 
0.760032 
0.597278 
0.592958 
0.711551 
0.566451 
0.700799 
0.577593 
0.480025 
0.527547 
0.627634 
0.498655 
0.632062 
0.514486 
0.516870 
0.590645 
0.703800 
0.580557 
0.591623 
0.585223 
0.513902 
0.679761 
0.621179 
0.575394 
0.583961 
0.722315 
0.705118 
0.678946 
0.490695 
0.756937 
0.557562 
0.574648 
0.476072 
0.480208 
0.552380 
0.624931 
0.423836 
0.725055 
0.526236 
0.693182 
0.410021 
0.732640 
0.653260 
0.549666 
0.643682 
0.603255 
0.755667 
0.614256 
0.605528 
0.505488 
0.602560 
0.516246 
0.551490 
0.490053 
0.618487 
0.668946 
0.484616 
0.530993 
0.633531 
0.470962 
0.642882 
0.684929 
0.687782 
0.608943 
0.437383 
0.510046 
0.421624 
0.622276 
0.600533 
0.619562 
0.695864 
0.492772 
0.690820 
0.611418 
0.756832 
0.501801 
0.698936 
0.597445 
0.653109 
0.642767 
0.621824 
0.569585 
0.739809 
0.726099 
0.557932 
0.622087 
0.591364 
0.578075 
0.519201 
0.758020 
0.529115 
0.474966 
0.515875 
0.712470 
0.493426 
0.460402 
0.709268 
0.746119 
0.560135 
0.718766 
0.587149 
0.610620 
0.757473 
0.656395 
0.742409 
0.593118 
0.539442 
0.642303 
0.681195 
0.722670 
0.510608 
0.608387 
0.538089 
0.640403 
0.617654 
0.618170 
0.498461 
0.671705 
0.658049 
0.657266 
0.468481 
0.739297 
0.663786 
0.637842 
0.775090 
0.435261 
0.483738 
0.647710 
0.556499 
0.609141 
0.629150 
0.672020 
0.661123 
0.485319 
0.687334 
0.659585 
0.496060 
0.619373 
0.688614 
0.568857 
0.658634 
0.634707 
0.407523 
0.541462 
0.577493 
0.763036 
0.642542 
0.557483 
0.549425 
0.618089 
0.624134 
0.678153 
0.721243 
0.685938 
0.671521 
0.558294 
0.773430 
0.726951 
0.602974 
0.441049 
0.514390 
0.462428 
0.597266 
0.624896 
0.600571 
0.455255 
0.480921 
0.766780 
0.704380 
0.738017 
0.677444 
0.635545 
0.472156 
0.628783 
0.628458 
0.511429 
0.700401 
0.426882 
0.609555 
0.601548 
0.661772 
0.675246 
0.617206 
0.635022 
0.709768 
0.603027 
0.591056 
0.723456 
0.700705 
0.648672 
0.513537 
0.657465 
0.756636 
0.528028 
0.624777 
0.715369 
0.626166 
0.419206 
0.758443 
0.480805 
0.592189 
0.467269 
0.709025 
0.731420 
0.678164 
0.754608 
0.710540 
0.600736 
0.588326 
0.701745 
0.612176 
0.673712 
0.521385 
0.515637 
0.445378 
0.608657 
0.505507 
0.675224 
0.716366 
0.694038 
0.441432 
0.685936 
0.545651 
0.467904 
0.535915 
0.779147 
0.702218 
0.457149 
0.547750 
0.638250 
0.592350 
0.639154 
0.477213 
0.701804 
0.692553 
0.735041 
0.623124 
0.565767 
0.602486 
0.658095 
0.686056 
0.528730 
0.603791 
0.535895 
0.597009 
0.538596 
0.617271 
0.552239 
0.567823 
0.612254 
0.762063 
0.587765 
0.668851 
0.723164 
0.606170 
0.680238 
0.585836 
0.551305 
0.648940 
0.673583 
0.656122 
0.498301 
0.568987 
0.509834 
0.459005 
0.604641 
0.712499 
0.563923 
0.544354 
0.698498 
0.714885 
0.518325 
0.549196 
0.555679 
0.662613 
0.650682 
0.535128 
0.448281 
0.687764 
0.469825 
0.651956 
0.538938 
0.438853 
0.666295 
0.746101 
0.703574 
0.503300 
0.712674 
0.539997 
0.709407 
0.728325 
0.630454 
0.459118 
0.588343 
0.501138 
0.556527 
0.603470 
0.680237 
0.561365 
0.625535 
0.641161 
0.756925 
0.642345 
0.448925 
0.395405 
0.691815 
0.518547 
0.752010 
0.664995 
0.534753 
0.773028 
0.729303 
0.710601 
0.561406 
0.776298 
0.520719 
0.610843 
0.541891 
0.716046 
0.631453 
0.601351 
0.722509 
0.757753 
0.475571 
0.636114 
0.522540 
0.509353 
0.429891 
0.529309 
0.551097 
0.579789 
0.422949 
0.615379 
0.442393 
