0.930053 
0.918764 
0.943115 
0.911114 
0.944749 
0.941086 
0.947709 
1.004621 
1.017197 
1.020620 
1.041370 
1.145686 
1.119704 
1.006094 
1.152560 
1.166639 
1.153114 
1.199283 
1.208752 
1.205699 
1.040424 
0.836011 
1.250984 
1.200799 
0.901293 
0.785941 
1.204010 
0.834851 
1.134324 
1.162093 
1.118249 
0.637696 
1.083096 
1.102714 
0.950002 
1.113291 
0.916383 
1.071091 
0.768308 
1.046248 
0.641041 
1.049176 
1.006313 
0.916779 
1.081936 
0.757386 
1.100148 
1.082891 
0.970623 
0.983311 
0.829964 
1.099642 
1.045471 
1.067090 
1.049711 
0.636338 
0.947430 
1.077884 
1.082173 
1.089627 
0.708585 
1.083709 
0.908821 
1.043055 
1.072116 
0.903935 
1.093405 
0.700868 
0.994645 
1.138021 
0.956418 
1.081638 
1.130957 
0.917567 
1.196937 
0.962075 
1.085421 
0.912642 
0.923433 
0.863026 
1.158965 
0.834245 
1.133020 
0.977331 
1.105097 
0.656414 
0.777419 
0.835149 
1.099710 
0.942556 
1.123431 
0.861596 
0.925501 
0.643068 
0.865784 
0.970314 
0.901181 
0.865630 
1.157515 
0.953098 
7.876571 
7.897814 
7.877960 
7.840280 
7.861768 
7.863564 
7.858641 
7.878025 
7.883153 
7.899623 
7.887574 
7.883077 
7.875082 
7.882139 
7.943181 
7.918815 
7.950269 
7.920255 
7.902566 
7.895362 
7.586409 
7.656669 
7.915165 
7.928374 
7.637042 
7.861509 
7.890531 
7.652791 
7.857713 
7.852339 
7.867108 
7.550958 
7.886757 
7.970150 
7.725232 
8.030991 
7.685330 
8.041116 
7.892526 
8.098446 
7.691612 
8.055709 
7.923265 
7.576520 
7.788023 
7.902527 
8.029080 
7.854347 
7.918934 
7.963106 
7.867216 
8.050293 
7.558766 
8.070743 
7.620608 
7.646413 
7.593213 
8.070697 
8.043754 
7.566178 
7.586736 
7.525368 
7.626038 
8.126254 
8.133496 
7.698327 
8.104089 
7.669563 
7.717887 
8.063072 
7.653434 
7.544049 
8.034410 
7.695892 
8.052090 
7.537307 
7.833211 
7.533754 
7.932309 
7.729257 
8.082242 
7.662622 
8.099587 
7.769007 
8.070032 
7.733859 
7.902507 
7.640881 
7.849882 
7.666610 
8.046311 
7.994832 
7.676387 
7.715074 
7.707796 
7.646753 
7.893654 
7.903368 
8.003976 
7.692606 
0.642820 
0.659138 
0.633512 
0.625848 
0.627756 
0.588574 
0.595312 
0.578539 
0.556121 
0.546416 
0.566759 
0.542234 
0.553353 
0.530345 
0.506302 
0.581527 
0.581310 
0.582115 
0.571656 
0.560252 
0.787811 
0.451629 
0.560814 
0.576671 
0.462630 
0.773582 
0.581237 
0.430522 
0.590688 
0.586198 
0.583446 
0.616171 
0.574077 
0.585571 
0.475128 
0.606967 
0.671424 
0.655318 
0.666748 
0.664807 
0.679253 
0.688128 
0.523638 
0.457239 
0.512931 
0.626273 
0.664207 
0.537185 
0.501114 
0.500989 
0.741252 
0.665475 
0.787385 
0.684889 
0.745132 
0.697157 
0.847778 
0.704967 
0.688389 
0.725972 
0.659403 
0.586875 
0.861413 
0.688631 
0.728230 
0.670081 
0.703211 
0.696200 
0.487821 
0.672005 
0.387288 
0.658749 
0.662352 
0.626151 
0.719817 
0.777196 
0.684678 
0.430489 
0.488155 
0.493621 
0.733232 
0.449160 
0.740978 
0.615242 
0.730218 
0.677790 
0.651378 
0.443622 
0.533697 
0.887982 
0.740135 
0.464290 
0.646161 
0.675649 
0.476214 
0.570282 
0.790394 
0.728787 
0.699422 
0.659808 
