0.843830 
0.829665 
0.766911 
0.949505 
0.810989 
1.060663 
0.782527 
1.081617 
1.066079 
1.075898 
0.967992 
0.956229 
0.954280 
0.948895 
0.994783 
0.977068 
0.991647 
0.986134 
0.970152 
0.993570 
7.785478 
7.812465 
7.824535 
7.757939 
7.813268 
7.762840 
7.771770 
7.708909 
7.653273 
7.684539 
7.647837 
7.775240 
7.782868 
7.788531 
7.844652 
7.820895 
7.806578 
7.775983 
7.752530 
7.771750 
0.587220 
0.586489 
0.585942 
0.587493 
0.585324 
0.587243 
0.583286 
0.585017 
0.585914 
0.587278 
0.590039 
0.590007 
0.589788 
0.589812 
0.590815 
0.591936 
0.592741 
0.592314 
0.593513 
0.594718 
