N=100 alpha = 0.5, repeats = 10 paccmin=0.1
0 4.022865 0.313617 0.197160 1.000000 
0 11.406993 0.276201 0.188106 0.300000 
0 11.807919 0.275360 0.196710 0.400000 
1 3.947050 0.360610 0.221283 1.000000 
1 15.895465 0.293860 0.261765 0.200000 
1 14.480617 0.281626 0.229798 0.400000 

N=1000 alpha = 0.5, repeats = 10 paccmin=0.1
0 1.406325 0.335412 0.200879 1.000000 
0 7.111732 0.273583 0.160511 0.600000 
0 10.351260 0.300567 0.203246 0.500000 
1 1.493098 0.390805 0.228294 1.000000 
1 18.060953 0.194864 0.174218 0.100000 
1 16.616294 0.274610 0.224956 0.300000 

N=100 alpha = 0.5, repeats = 100 paccmin=0.1
0 4.031421 0.295819 0.193420 1.000000 
0 11.208109 0.278172 0.175612 0.490000 
0 12.784645 0.280949 0.203234 0.440000 
1 3.841803 0.331046 0.223320 1.000000 
1 15.213831 0.292904 0.250211 0.180000 
1 14.251347 0.279540 0.208625 0.400000 
0 1.074690 0.277101 0.199008 1.000000 
